Date	observed	5%	95%	BMA	SWAT	HECHMS	hymod	Modified SCS-CN
1/1/2003	14.16	4.90	29.11	12.10	30.38	11.93	2.29	0.00
1/2/2003	15.18	3.85	30.16	13.16	29.62	13.93	2.33	0.00
1/3/2003	16.34	2.60	31.42	14.41	29.46	15.94	2.40	0.00
1/4/2003	17.33	2.61	31.40	14.39	29.27	16.01	2.46	0.00
1/5/2003	18.24	2.54	31.47	14.46	29.35	16.08	2.51	0.00
1/6/2003	18.69	3.18	30.83	13.82	29.30	15.11	2.55	0.00
1/7/2003	18.69	3.55	30.45	13.45	28.89	14.15	2.58	2.08
1/8/2003	18.55	4.36	29.63	12.63	28.05	13.30	2.60	2.08
1/9/2003	18.24	5.28	28.71	11.71	26.84	12.46	2.61	2.08
1/10/2003	17.81	6.23	27.76	10.76	25.36	11.72	2.61	2.07
1/11/2003	17.27	7.22	26.76	9.76	23.74	10.97	2.60	2.05
1/12/2003	16.65	8.17	25.81	8.82	22.06	10.32	2.58	2.05
1/13/2003	15.94	9.11	24.86	7.87	20.40	9.67	2.57	2.05
1/14/2003	15.23	9.98	23.99	7.00	18.83	9.09	2.55	2.04
1/15/2003	14.41	10.81	23.16	6.17	17.35	8.52	2.52	2.04
1/16/2003	13.85	11.57	22.40	5.41	16.00	8.01	2.50	2.04
1/17/2003	13.03	12.20	21.77	4.78	14.77	7.50	2.50	2.50
1/18/2003	12.35	12.76	21.20	4.22	13.63	7.06	2.52	2.93
1/19/2003	11.72	10.20	20.67	3.68	12.90	6.61	2.53	2.87
1/20/2003	11.13	10.24	20.25	3.26	12.38	6.22	2.54	2.82
1/21/2003	10.53	9.98	19.87	2.88	12.04	5.82	2.55	2.76
1/22/2003	10.11	9.96	19.71	2.72	11.78	5.47	2.60	3.58
1/23/2003	9.83	2.99	19.49	2.50	11.34	5.12	2.66	4.37
1/24/2003	9.40	2.96	19.42	2.44	11.83	4.82	2.72	4.22
1/25/2003	8.83	2.12	19.38	2.39	12.38	4.52	2.77	4.08
1/26/2003	8.27	2.31	19.34	2.36	12.89	4.26	2.81	3.94
1/27/2003	7.79	2.23	19.25	2.26	13.21	3.99	2.83	3.81
1/28/2003	7.36	2.22	19.08	2.10	13.26	3.75	2.84	3.69
1/29/2003	6.99	2.01	18.85	1.86	13.06	3.51	2.83	3.58
1/30/2003	6.80	1.56	18.71	1.72	12.65	3.34	2.86	4.16
1/31/2003	6.91	1.23	18.57	1.58	12.08	3.17	2.94	4.96
2/1/2003	6.85	1.24	18.36	1.37	11.62	3.05	3.02	5.01
2/2/2003	6.74	1.11	18.13	1.15	11.29	2.92	3.10	4.82
2/3/2003	6.60	0.88	17.94	0.95	11.13	2.75	3.16	4.63
2/4/2003	6.54	0.84	17.80	0.81	11.11	2.59	3.20	4.45
2/5/2003	6.46	0.56	17.66	0.67	11.08	2.39	3.25	4.45
2/6/2003	6.37	0.53	17.51	0.52	10.99	2.20	3.29	4.47
2/7/2003	7.08	2.95	20.35	3.36	10.83	5.16	3.57	9.82
2/8/2003	9.20	5.64	22.99	6.00	10.22	8.12	3.94	14.86
2/9/2003	10.36	7.59	26.37	9.38	11.76	12.84	4.31	14.02
2/10/2003	11.55	3.54	30.43	13.44	13.89	17.57	4.81	15.82
2/11/2003	13.68	0.74	31.00	16.24	16.38	20.01	5.39	18.23
2/12/2003	14.81	1.86	28.82	18.83	19.84	22.44	5.93	17.87
2/13/2003	15.38	2.56	28.52	19.53	22.88	22.34	6.37	16.82
2/14/2003	15.69	3.14	23.10	20.11	25.50	22.24	6.68	15.84
2/15/2003	15.43	2.74	21.70	19.71	27.47	20.92	6.86	14.93
2/16/2003	15.21	2.07	23.03	19.04	28.55	19.60	6.92	14.07
2/17/2003	15.97	4.39	20.34	21.37	28.76	21.39	7.29	20.11
2/18/2003	17.73	6.31	21.27	23.29	27.89	23.18	7.75	25.82
2/19/2003	19.45	8.33	28.29	25.31	28.58	26.40	8.18	24.28
2/20/2003	20.61	10.43	34.39	27.41	29.50	29.61	8.51	22.81
2/21/2003	21.89	9.69	33.65	26.67	30.87	28.19	8.69	21.44
2/22/2003	22.80	8.91	32.87	25.89	32.06	26.77	8.76	20.16
2/23/2003	23.76	10.75	34.71	27.73	32.62	27.53	9.18	26.59
2/24/2003	24.55	12.27	36.23	29.24	32.37	28.30	9.71	32.62
2/25/2003	25.49	13.03	36.98	30.00	31.92	30.26	10.18	30.60
2/26/2003	26.11	13.87	37.84	30.85	31.68	32.22	10.52	28.71
2/27/2003	26.53	13.11	37.07	30.09	32.24	30.76	10.90	28.76
2/28/2003	27.24	12.66	36.61	29.63	32.99	29.30	11.37	30.13
3/1/2003	28.26	11.87	35.83	28.85	33.29	28.10	11.78	29.58
3/2/2003	29.45	11.32	35.27	28.29	33.73	26.91	12.26	30.00
3/3/2003	30.58	10.69	34.64	27.66	33.98	25.69	12.67	30.44
3/4/2003	30.87	9.96	32.92	26.94	35.24	24.48	12.92	28.58
3/5/2003	30.87	9.13	31.09	26.11	36.38	23.12	13.03	26.90
3/6/2003	30.58	8.20	32.17	25.18	37.13	21.76	12.98	25.34
3/7/2003	30.87	8.91	32.88	25.90	37.31	21.86	13.17	28.60
3/8/2003	32.85	9.83	33.82	26.82	36.63	21.96	13.65	34.52
3/9/2003	35.68	10.49	36.48	27.48	36.25	22.96	14.15	35.25
3/10/2003	37.38	10.94	39.92	27.93	36.88	23.96	14.52	33.06
3/11/2003	38.23	10.06	41.04	27.05	37.72	22.77	14.69	31.01
3/12/2003	38.23	9.17	43.15	26.15	38.43	21.58	14.65	29.09
3/13/2003	37.66	8.05	42.03	25.03	38.54	20.30	14.41	27.30
3/14/2003	37.10	6.74	40.72	23.73	37.88	19.01	14.08	25.84
3/15/2003	37.94	5.57	39.55	22.55	36.51	18.12	13.74	24.92
3/16/2003	40.49	5.39	41.39	22.39	34.60	17.22	13.88	30.51
3/17/2003	43.04	6.00	44.02	23.01	32.05	18.07	14.16	35.30
3/18/2003	44.46	5.97	46.96	22.96	30.86	18.93	14.54	34.06
3/19/2003	44.74	5.23	46.22	22.22	30.04	18.51	14.86	32.91
3/20/2003	48.14	4.56	49.54	21.55	29.95	18.08	15.01	30.87
3/21/2003	70.51	22.65	68.93	49.79	30.10	33.89	22.76	74.69
3/22/2003	92.03	38.77	93.71	79.23	26.21	49.69	33.56	115.70
3/23/2003	108.74	57.70	110.24	81.97	42.48	72.86	44.62	108.24
3/24/2003	112.42	77.18	111.64	94.41	60.72	96.04	54.40	101.22
3/25/2003	109.30	79.63	113.89	96.76	79.88	92.22	62.14	94.67
3/26/2003	104.49	81.11	115.33	98.21	95.94	88.40	67.60	88.55
3/27/2003	99.39	79.95	114.20	97.07	106.50	83.12	70.84	82.84
3/28/2003	94.01	76.96	111.24	94.09	111.00	77.83	72.08	77.50
3/29/2003	87.22	73.00	107.29	90.14	110.60	73.20	71.75	72.95
3/30/2003	79.85	67.95	102.21	85.07	106.40	68.57	70.17	68.79
3/31/2003	72.49	62.57	96.79	79.68	99.58	64.52	67.77	65.30
4/1/2003	65.70	56.66	90.81	73.73	90.89	60.48	64.68	62.00
4/2/2003	59.18	50.75	84.84	67.79	81.57	56.93	61.08	58.04
4/3/2003	53.24	44.90	78.94	61.92	72.32	53.38	57.13	54.34
4/4/2003	47.57	39.51	73.52	56.52	63.65	50.21	52.98	50.87
4/5/2003	43.61	34.42	68.41	51.41	55.80	47.04	48.77	47.64
4/6/2003	40.21	29.88	63.86	46.87	48.84	44.24	44.59	44.61
4/7/2003	38.79	25.70	59.67	42.68	42.77	41.44	40.65	42.02
4/8/2003	41.06	26.88	60.88	43.88	37.53	43.61	37.86	49.90
4/9/2003	47.86	30.58	64.74	47.66	32.85	45.78	38.29	71.04
4/10/2003	71.64	48.20	82.72	65.46	29.27	67.19	43.27	98.96
4/11/2003	99.11	66.27	101.19	83.73	30.92	88.60	50.33	120.45
4/12/2003	116.67	79.17	117.05	96.61	45.27	100.81	57.48	123.07
4/13/2003	121.76	90.89	125.67	108.28	61.32	113.02	63.56	116.11
4/14/2003	122.05	91.21	125.71	108.46	77.05	107.78	68.00	108.57
4/15/2003	121.76	90.80	125.14	107.97	90.34	102.55	70.67	101.54
4/16/2003	121.48	88.45	122.73	105.59	99.16	96.44	71.62	94.96
4/17/2003	117.80	84.64	118.89	101.76	103.10	90.34	71.07	88.82
4/18/2003	109.87	79.98	114.20	97.08	102.60	84.96	69.28	83.08
4/19/2003	99.39	74.40	108.59	91.49	98.95	79.59	66.51	77.72
4/20/2003	88.35	68.61	89.77	85.69	93.12	74.85	63.04	72.72
4/21/2003	77.30	62.50	96.61	79.55	86.06	70.11	59.09	68.04
4/22/2003	68.81	56.67	90.75	73.71	78.51	65.94	54.91	63.77
4/23/2003	60.88	50.89	74.94	67.91	70.95	61.76	50.65	59.78
4/24/2003	53.52	45.55	75.57	62.56	63.68	58.09	46.40	55.96
4/25/2003	47.86	40.40	64.41	57.41	56.91	54.41	42.26	52.39
4/26/2003	45.31	38.18	62.19	55.18	50.73	53.32	38.94	54.69
4/27/2003	43.61	36.19	60.22	53.20	45.06	52.22	36.28	57.51
4/28/2003	42.48	34.47	58.51	51.48	40.75	52.51	33.97	54.47
4/29/2003	41.06	32.87	56.92	49.89	37.11	52.79	31.85	51.00
4/30/2003	39.36	29.52	53.56	46.54	34.19	49.93	29.80	47.76
5/1/2003	36.81	26.34	50.37	43.35	31.71	47.06	27.80	44.73
5/2/2003	33.41	23.29	57.31	40.30	29.44	44.24	25.83	41.89
5/3/2003	29.45	20.33	44.34	37.33	27.29	41.41	23.96	39.33
5/4/2003	26.65	22.15	46.20	39.17	25.23	41.98	23.41	50.97
5/5/2003	24.72	23.92	58.05	40.98	23.54	42.54	23.43	61.84
5/6/2003	24.24	23.66	57.79	40.72	20.49	44.70	23.69	58.03
5/7/2003	24.44	24.17	58.30	41.23	19.48	46.87	23.99	54.85
5/8/2003	24.27	22.88	56.97	39.92	22.17	44.42	24.14	51.73
5/9/2003	23.84	22.21	56.24	39.22	26.87	41.98	24.02	48.43
5/10/2003	23.64	21.66	55.65	38.65	31.98	39.48	23.62	45.35
5/11/2003	23.93	20.96	54.94	37.95	36.54	36.98	22.94	42.47
5/12/2003	24.49	20.17	54.13	37.15	40.12	34.76	22.04	39.78
5/13/2003	24.69	18.96	52.93	35.94	42.31	32.54	20.95	37.27
5/14/2003	24.04	17.50	51.46	34.48	43.03	30.58	19.75	34.93
5/15/2003	22.74	15.72	49.69	32.70	42.66	28.62	18.51	32.77
5/16/2003	21.04	13.91	47.87	30.89	41.53	26.92	17.30	30.78
5/17/2003	19.31	11.94	45.91	28.92	39.87	25.22	16.11	28.89
5/18/2003	17.53	10.01	43.98	26.99	37.89	23.70	14.96	27.10
5/19/2003	15.86	8.05	42.01	25.03	35.73	22.18	13.85	25.43
5/20/2003	14.53	6.21	40.17	23.18	33.47	20.85	12.86	23.93
5/21/2003	13.39	4.38	38.34	21.35	31.20	19.51	11.95	22.55
5/22/2003	12.09	3.33	37.29	20.31	28.98	19.36	11.10	21.17
5/23/2003	12.88	4.80	38.79	21.79	26.86	19.21	11.70	33.51
5/24/2003	13.59	11.07	25.10	18.08	24.78	26.37	13.21	46.24
5/25/2003	13.17	12.94	48.96	16.94	23.40	33.52	14.97	44.44
5/26/2003	12.88	12.36	39.37	32.37	22.96	34.99	16.79	42.30
5/27/2003	13.17	16.23	35.23	33.23	23.86	36.45	18.37	40.31
5/28/2003	14.02	13.83	38.81	31.82	25.23	34.31	19.60	37.81
5/29/2003	15.01	13.44	37.42	30.43	26.54	32.18	20.39	35.48
5/30/2003	16.14	12.12	36.08	29.10	27.53	30.25	20.81	33.34
5/31/2003	17.84	10.67	34.63	27.65	28.02	28.33	20.86	31.36
6/1/2003	18.97	9.33	33.28	26.30	28.03	26.63	20.78	29.97
6/2/2003	18.26	7.85	31.80	24.82	27.56	24.93	20.51	28.69
6/3/2003	18.55	6.28	30.23	23.25	26.64	23.45	20.02	26.92
6/4/2003	19.40	4.74	28.69	21.71	25.45	21.97	19.54	25.77
6/5/2003	20.84	3.81	27.76	20.78	24.10	21.03	19.36	26.32
6/6/2003	21.72	2.73	26.68	19.70	22.60	20.09	19.22	26.33
6/7/2003	21.83	1.94	25.89	18.91	21.61	19.80	19.04	24.74
6/8/2003	21.72	1.70	25.66	18.68	20.66	19.51	19.24	26.11
6/9/2003	21.58	2.69	26.66	19.67	19.77	21.06	19.63	27.61
6/10/2003	21.44	3.10	27.06	20.08	18.74	22.60	19.94	26.14
6/11/2003	20.78	2.29	26.26	19.27	17.71	22.31	20.08	24.54
6/12/2003	19.91	1.55	25.51	18.53	16.81	22.01	19.98	23.05
6/13/2003	18.77	0.13	24.10	17.11	16.06	20.58	19.69	21.67
6/14/2003	17.50	1.24	22.72	15.74	15.34	19.16	19.22	20.39
6/15/2003	16.48	2.50	21.47	14.48	14.63	17.91	18.59	19.17
6/16/2003	15.18	3.73	20.23	13.25	13.95	16.66	17.82	18.01
6/17/2003	14.07	3.20	20.76	13.78	13.32	17.35	17.47	19.54
6/18/2003	12.91	2.65	21.32	14.34	12.63	18.04	17.43	21.35
6/19/2003	12.12	1.76	22.21	15.22	12.43	19.65	17.65	20.85
6/20/2003	12.57	0.78	23.20	16.21	12.23	21.25	18.13	20.92
6/21/2003	15.29	1.43	22.55	15.56	12.03	20.20	18.87	21.42
6/22/2003	18.01	2.25	21.72	14.73	11.78	19.16	19.55	21.04
6/23/2003	19.28	3.22	20.75	13.77	11.79	18.02	19.99	19.76
6/24/2003	19.09	4.18	19.79	12.80	11.75	16.88	20.13	18.57
6/25/2003	17.50	5.07	18.90	11.91	11.65	15.87	19.97	17.45
6/26/2003	15.21	5.97	23.00	11.01	11.45	14.87	19.54	16.41
6/27/2003	12.83	6.80	25.16	10.18	11.19	13.98	18.88	15.43
6/28/2003	10.31	7.63	16.33	9.35	10.88	13.10	18.04	14.52
6/29/2003	8.21	7.39	20.58	8.59	10.53	12.32	17.16	13.75
6/30/2003	6.65	5.13	14.83	7.85	10.16	11.54	16.24	13.05
7/1/2003	5.95	5.34	18.63	11.64	9.81	15.41	16.42	20.76
7/2/2003	6.40	1.89	22.11	15.11	8.14	19.28	17.34	28.93
7/3/2003	10.08	9.07	33.09	26.08	15.81	29.77	20.74	38.69
7/4/2003	12.97	11.85	33.89	26.87	23.79	40.25	24.95	46.99
7/5/2003	14.05	10.31	31.33	22.32	31.84	45.60	28.99	44.01
7/6/2003	14.10	10.53	34.57	27.55	39.08	50.96	32.34	41.22
7/7/2003	13.65	10.49	34.49	27.49	45.54	48.45	34.85	38.68
7/8/2003	13.20	9.96	33.95	26.96	50.24	45.95	36.54	36.53
7/9/2003	12.35	8.60	32.59	25.59	52.71	43.23	37.38	34.46
7/10/2003	11.30	6.84	30.83	23.83	53.08	40.52	37.79	33.78
7/11/2003	10.51	5.05	42.02	42.03	51.85	38.25	37.94	34.08
7/12/2003	10.00	9.62	46.59	39.60	49.30	35.99	37.83	33.18
7/13/2003	10.48	10.30	56.26	39.28	46.24	36.24	37.94	35.78
7/14/2003	12.43	12.25	56.22	39.23	42.33	36.48	38.42	41.45
7/15/2003	15.04	12.57	44.55	23.55	41.74	41.86	39.32	47.09
7/16/2003	17.22	15.04	34.04	27.04	40.72	47.24	40.09	48.86
7/17/2003	18.32	16.68	35.67	28.67	45.16	48.47	40.46	45.81
7/18/2003	18.80	15.65	27.64	29.64	50.30	49.70	40.46	43.37
7/19/2003	19.00	14.59	44.58	31.58	54.89	48.56	40.43	44.65
7/20/2003	20.44	15.79	39.79	32.79	57.49	47.42	40.66	50.87
7/21/2003	22.03	18.14	72.15	55.14	59.43	49.49	40.73	53.07
7/22/2003	23.81	19.78	73.79	56.78	62.32	51.57	40.42	49.69
7/23/2003	26.82	19.13	73.14	56.13	63.93	50.67	39.67	46.55
7/24/2003	33.41	10.82	74.86	57.83	64.11	49.77	39.64	58.78
7/25/2003	43.61	15.12	69.21	62.16	62.09	54.06	39.83	70.80
7/26/2003	56.07	17.36	65.42	64.39	62.58	58.34	39.90	66.96
7/27/2003	59.47	46.62	80.66	63.64	64.04	57.64	39.62	62.82
7/28/2003	59.75	46.16	80.20	63.18	66.35	56.93	38.91	58.80
7/29/2003	56.35	43.88	77.92	60.90	68.27	53.53	37.77	55.04
7/30/2003	50.97	41.28	75.32	58.30	68.86	50.12	36.37	51.85
7/31/2003	46.16	38.58	72.62	55.60	67.82	47.14	34.89	49.39
8/1/2003	45.31	35.48	69.50	52.49	65.37	44.16	33.38	47.12
8/2/2003	47.29	32.18	66.20	49.19	61.80	41.53	31.79	44.49
8/3/2003	52.10	28.64	62.64	45.63	57.53	38.90	30.09	41.67
8/4/2003	57.48	25.21	59.20	42.20	52.88	36.58	28.35	39.10
8/5/2003	59.75	21.80	59.77	38.78	48.13	34.27	26.59	36.71
8/6/2003	59.18	18.72	59.69	35.70	43.52	32.23	25.00	34.98
8/7/2003	56.35	15.78	59.74	32.75	39.23	30.19	23.54	33.44
8/8/2003	51.82	13.01	56.96	29.98	35.28	28.39	22.15	31.42
8/9/2003	48.14	10.42	48.38	27.40	31.75	26.59	20.90	29.71
8/10/2003	45.02	8.45	52.41	25.43	28.60	25.03	20.07	29.86
8/11/2003	43.89	6.64	50.59	23.61	25.90	23.47	19.54	30.10
8/12/2003	42.48	4.58	38.54	21.55	23.05	22.10	19.10	28.58
8/13/2003	40.78	2.69	46.65	19.66	20.82	20.74	18.69	26.88
8/14/2003	39.36	2.64	40.61	19.62	19.59	20.88	18.69	28.29
8/15/2003	39.93	2.83	41.80	19.81	18.84	21.02	18.97	30.13
8/16/2003	40.49	3.39	42.36	20.37	19.67	21.84	19.24	28.84
8/17/2003	42.76	4.02	43.98	21.00	20.67	22.65	19.54	27.69
8/18/2003	45.31	3.33	47.29	20.31	21.52	21.46	19.74	26.66
8/19/2003	46.44	2.57	47.53	19.54	21.99	20.26	19.97	25.92
8/20/2003	45.31	1.64	46.60	18.61	21.92	19.05	20.07	25.23
8/21/2003	44.46	0.65	46.61	17.63	22.15	17.85	19.96	23.69
8/22/2003	42.48	0.15	43.81	16.83	22.04	17.07	19.64	22.24
8/23/2003	39.64	0.53	43.43	16.44	21.62	16.29	19.57	23.63
8/24/2003	37.10	0.36	44.32	27.34	20.42	17.60	19.76	25.96
8/25/2003	33.41	1.59	35.55	18.56	21.95	18.91	19.96	25.40
8/26/2003	29.17	1.61	35.57	18.59	23.33	18.71	20.00	23.85
8/27/2003	26.36	1.57	35.52	18.54	24.44	18.51	19.82	22.39
8/28/2003	24.07	0.80	34.75	17.77	25.05	17.41	19.41	21.03
8/29/2003	21.83	0.17	33.78	16.80	24.97	16.31	18.80	19.75
8/30/2003	19.60	1.25	32.70	15.72	24.21	15.34	18.02	18.56
8/31/2003	17.33	2.47	31.49	14.51	22.98	14.37	17.11	17.45
9/1/2003	15.06	3.71	30.25	13.27	21.45	13.49	16.11	16.41
9/2/2003	13.03	4.97	28.99	12.01	19.78	12.62	15.06	15.44
9/3/2003	11.10	6.16	27.80	10.82	18.09	11.86	14.00	14.53
9/4/2003	9.49	7.28	26.67	9.69	16.53	11.11	12.97	13.69
9/5/2003	8.81	6.81	27.15	10.17	15.12	12.01	12.52	15.54
9/6/2003	9.51	6.27	27.69	10.70	13.95	12.91	12.34	17.30
9/7/2003	10.93	5.77	28.19	11.21	12.71	14.56	12.34	16.37
9/8/2003	11.92	5.11	28.86	11.87	11.91	16.21	12.38	15.52
9/9/2003	11.86	5.81	28.16	11.17	11.85	15.41	12.39	14.63
9/10/2003	11.02	6.36	27.60	10.62	12.20	14.61	12.35	13.83
9/11/2003	9.83	6.92	27.04	10.06	12.67	13.73	12.25	13.06
9/12/2003	8.44	7.49	26.47	9.49	13.10	12.85	12.04	12.32
9/13/2003	7.19	6.01	25.95	8.97	13.42	12.08	11.72	11.62
9/14/2003	6.23	5.57	25.39	8.41	13.59	11.32	11.31	10.96
9/15/2003	5.55	5.11	24.85	7.86	13.61	10.64	10.82	10.35
9/16/2003	5.01	4.68	24.28	7.29	13.51	9.97	10.28	9.77
9/17/2003	4.33	3.23	23.73	6.75	13.29	9.38	9.70	9.23
9/18/2003	5.47	4.80	23.16	6.18	12.99	8.78	9.17	8.77
9/19/2003	14.95	1.39	32.65	15.63	12.65	16.00	14.29	35.63
9/20/2003	18.15	7.37	41.62	24.49	11.44	23.21	21.74	60.84
9/21/2003	18.69	14.52	48.67	31.59	14.53	33.80	29.52	56.95
9/22/2003	18.52	12.47	56.58	39.52	20.11	44.39	36.48	53.30
9/23/2003	18.38	13.81	57.84	40.82	29.56	42.59	42.31	50.54
9/24/2003	18.89	15.69	59.68	42.68	40.17	40.79	46.94	48.88
9/25/2003	18.04	16.65	60.65	43.65	49.63	38.30	50.15	46.70
9/26/2003	17.33	16.74	60.76	43.75	56.80	35.81	51.94	43.74
9/27/2003	16.45	16.39	60.44	43.41	61.77	33.65	52.44	40.97
9/28/2003	15.60	15.33	59.41	42.37	64.31	31.48	51.98	38.59
9/29/2003	14.81	23.76	57.85	40.81	64.45	29.61	50.69	36.38
9/30/2003	14.02	11.59	45.68	38.63	62.69	27.74	48.75	34.10
10/1/2003	12.80	11.23	53.30	36.26	59.79	26.08	46.31	31.97
10/2/2003	11.47	10.71	40.77	33.74	56.30	24.43	43.52	29.98
10/3/2003	10.05	9.28	38.31	31.29	52.57	22.98	40.53	28.12
10/4/2003	8.72	7.84	35.86	28.85	48.80	21.52	37.43	26.38
10/5/2003	7.45	9.57	43.57	26.57	45.12	20.23	34.33	24.76
10/6/2003	6.43	7.35	41.34	24.34	41.58	18.93	31.30	23.24
10/7/2003	5.55	5.67	39.65	22.66	38.17	18.38	28.40	21.82
10/8/2003	6.03	5.20	39.18	22.19	35.01	17.82	26.54	26.66
10/9/2003	11.47	11.34	45.34	28.33	31.56	24.97	27.64	41.00
10/10/2003	14.92	16.78	50.79	33.78	29.97	32.12	30.01	48.28
10/11/2003	16.99	15.12	55.11	38.11	34.80	37.28	32.69	45.39
10/12/2003	19.82	15.68	59.65	42.66	40.26	42.44	35.03	42.65
10/13/2003	20.39	15.48	59.45	42.46	45.62	40.28	36.73	39.96
10/14/2003	18.12	14.83	58.80	41.81	49.43	38.12	37.72	37.52
10/15/2003	13.93	13.55	57.53	40.54	51.12	35.85	38.14	35.65
10/16/2003	12.46	11.62	55.60	38.61	50.71	33.58	37.95	33.84
10/17/2003	11.02	10.32	53.29	36.30	48.81	31.53	37.19	31.73
10/18/2003	10.17	9.68	50.65	33.66	45.77	29.47	36.00	29.80
10/19/2003	9.77	8.07	48.04	31.05	42.10	27.72	34.45	28.00
10/20/2003	9.32	8.39	45.34	28.36	38.16	25.96	32.62	26.27
10/21/2003	8.72	7.87	42.82	25.84	34.24	24.42	30.60	24.66
10/22/2003	7.99	6.42	40.38	23.40	30.51	22.87	28.49	23.16
10/23/2003	7.25	4.22	38.17	21.20	27.11	21.51	26.35	21.76
10/24/2003	6.57	2.17	36.12	19.14	24.11	20.15	24.22	20.45
10/25/2003	6.20	0.34	34.30	17.32	21.49	18.95	22.15	19.22
10/26/2003	6.14	1.26	32.69	15.71	19.27	17.75	20.33	18.49
10/27/2003	6.29	2.57	31.39	14.41	17.36	16.69	18.90	18.37
10/28/2003	6.74	3.61	30.35	13.36	15.93	15.64	17.94	18.84
10/29/2003	15.91	3.03	37.14	20.08	15.11	18.37	23.84	47.52
10/30/2003	26.39	8.92	43.39	26.15	13.87	21.10	32.58	73.38
10/31/2003	36.53	14.52	48.83	31.67	25.11	25.51	41.69	68.67
11/1/2003	43.04	20.75	54.94	37.84	38.23	29.93	49.79	64.27
11/2/2003	46.16	23.57	57.77	40.67	52.44	28.56	56.19	60.16
11/3/2003	47.29	25.82	60.08	42.95	64.74	27.20	60.66	56.31
11/4/2003	46.44	26.76	61.10	43.93	73.26	25.58	63.26	52.73
11/5/2003	45.31	26.45	60.84	43.64	77.63	23.96	64.15	49.37
11/6/2003	43.61	25.18	59.58	42.38	78.38	22.52	63.64	46.26
11/7/2003	41.91	23.12	57.51	40.31	76.20	21.09	62.13	43.75
11/8/2003	39.64	20.55	54.88	37.71	71.90	19.82	59.79	41.39
11/9/2003	36.81	17.56	51.83	34.69	66.37	18.56	56.87	38.81
11/10/2003	36.25	14.55	48.75	31.65	60.34	17.45	53.52	36.41
11/11/2003	33.70	11.55	45.71	28.63	54.30	16.35	49.91	34.14
11/12/2003	31.15	18.76	42.87	25.81	48.56	15.38	46.16	32.01
11/13/2003	28.88	16.13	40.20	23.16	43.28	14.40	42.38	30.03
11/14/2003	26.36	13.78	37.82	20.80	38.56	13.55	38.67	28.17
11/15/2003	23.45	11.61	35.63	18.62	34.39	12.69	35.09	26.44
11/16/2003	21.18	10.31	33.70	16.69	30.76	11.92	31.68	24.82
11/17/2003	19.17	12.07	31.93	14.93	27.62	11.14	28.50	23.31
11/18/2003	17.41	13.60	30.39	13.39	24.90	10.48	25.54	21.90
11/19/2003	16.08	15.00	28.98	11.99	22.54	9.82	22.83	20.58
11/20/2003	15.77	13.96	30.02	13.03	20.53	11.34	21.00	24.35
11/21/2003	15.66	12.95	31.04	14.04	18.54	12.87	19.67	27.93
11/22/2003	15.46	11.69	32.28	15.29	18.35	15.37	18.61	26.21
11/23/2003	15.12	10.29	33.67	16.68	18.56	17.87	17.67	24.61
11/24/2003	14.72	10.95	33.01	16.03	19.05	17.04	16.77	23.11
11/25/2003	14.07	11.61	32.35	15.37	19.44	16.22	15.87	21.71
11/26/2003	13.34	12.44	31.52	14.54	19.55	15.25	14.96	20.41
11/27/2003	12.60	11.35	30.60	13.62	19.31	14.29	14.05	19.19
11/28/2003	12.15	10.28	29.67	12.69	18.78	13.43	13.15	18.05
11/29/2003	11.69	5.26	28.70	11.72	18.04	12.57	12.30	17.01
11/30/2003	11.24	6.19	27.76	10.78	17.19	11.81	11.48	16.04
12/1/2003	10.73	7.13	26.82	9.84	16.30	11.05	10.70	15.11
12/2/2003	10.11	7.99	25.97	8.98	15.43	10.39	9.95	14.24
12/3/2003	9.43	8.83	25.13	8.15	14.61	9.73	9.23	13.42
12/4/2003	8.92	9.17	24.79	7.80	13.87	9.76	8.55	12.67
12/5/2003	9.15	8.85	25.12	8.13	13.21	9.79	8.45	15.52
12/6/2003	9.63	5.83	28.14	11.15	12.57	14.01	8.61	18.22
12/7/2003	10.22	3.34	30.63	13.64	12.39	18.24	8.86	17.16
12/8/2003	10.51	3.01	30.96	13.97	12.53	18.97	9.07	16.15
12/9/2003	10.62	2.53	31.44	14.45	13.09	19.70	9.20	15.22
12/10/2003	10.87	2.64	31.33	14.34	13.77	19.45	9.22	14.35
12/11/2003	12.63	1.22	32.74	15.76	14.36	19.21	9.96	21.94
12/12/2003	14.95	4.03	38.02	21.03	14.36	25.35	10.95	29.08
12/13/2003	16.76	8.33	42.34	25.33	16.45	31.49	11.89	27.29
12/14/2003	19.17	14.18	48.21	31.19	19.16	36.58	14.45	36.75
12/15/2003	23.50	19.87	53.92	36.89	21.64	41.67	17.53	45.71
12/16/2003	29.73	24.50	58.54	41.52	29.50	45.80	20.46	42.90
12/17/2003	35.40	29.27	53.30	46.28	37.64	49.94	22.93	40.32
12/18/2003	42.76	29.78	53.78	46.77	45.64	47.46	24.81	38.02
12/19/2003	46.44	29.81	53.80	46.81	52.13	44.99	26.02	35.77
12/20/2003	49.55	28.99	52.99	45.99	56.34	42.31	26.59	33.54
12/21/2003	50.97	27.45	51.46	44.45	58.17	39.63	26.59	31.46
12/22/2003	50.40	25.50	59.52	42.51	57.96	37.27	26.10	29.52
12/23/2003	48.70	23.10	57.11	40.10	56.21	34.91	25.23	27.71
12/24/2003	47.01	20.86	54.86	37.85	53.43	32.91	24.27	27.27
12/25/2003	45.02	18.38	52.37	35.37	49.90	30.90	23.20	26.87
12/26/2003	43.04	16.04	50.02	33.03	46.92	29.18	22.02	25.23
12/27/2003	40.49	13.76	47.73	30.74	44.09	27.45	20.75	23.70
12/28/2003	37.94	11.61	45.58	28.59	41.44	25.82	19.43	22.27
12/29/2003	35.11	9.52	43.49	26.50	38.89	24.20	18.07	20.93
12/30/2003	31.43	7.55	41.51	24.53	36.30	22.76	16.72	19.68
12/31/2003	28.32	5.70	39.66	22.68	33.65	21.33	15.54	19.14
1/1/2004	25.68	13.92	37.88	20.90	30.89	20.06	14.47	18.64
1/2/2004	23.16	12.34	36.29	19.31	29.09	18.79	13.47	17.54
1/3/2004	21.44	10.95	34.90	17.92	27.57	17.67	12.52	16.51
1/4/2004	19.99	10.38	33.58	16.60	26.21	16.55	11.62	15.55
1/5/2004	18.72	11.59	32.36	15.38	24.90	15.56	10.76	14.65
1/6/2004	17.64	12.81	31.14	14.16	23.53	14.58	9.95	13.80
1/7/2004	16.62	12.96	30.00	13.02	22.12	13.71	9.20	13.02
1/8/2004	15.55	5.10	28.85	11.87	20.70	12.84	8.51	12.29
1/9/2004	14.61	6.13	27.83	10.85	19.32	12.08	7.93	11.72
1/10/2004	13.96	7.00	26.96	9.98	18.01	11.31	7.63	11.94
1/11/2004	13.51	7.80	26.15	9.17	16.76	10.64	7.45	12.06
1/12/2004	13.00	8.55	25.40	8.42	16.14	9.97	7.32	11.40
1/13/2004	12.40	9.17	24.79	7.81	15.78	9.37	7.19	10.78
1/14/2004	11.92	9.70	24.26	7.28	15.64	8.78	7.03	10.19
1/15/2004	11.38	10.16	23.80	6.81	15.55	8.26	6.85	9.65
1/16/2004	10.79	10.66	23.30	6.32	15.37	7.73	6.63	9.14
1/17/2004	10.22	10.13	22.84	5.85	15.10	7.27	6.38	8.66
1/18/2004	9.68	9.61	22.35	5.37	14.72	6.81	6.16	8.29
1/19/2004	9.23	9.07	21.89	4.91	14.28	6.41	5.96	7.94
1/20/2004	8.78	8.55	21.41	4.43	13.83	6.00	5.76	7.54
1/21/2004	8.35	8.00	20.96	3.98	13.39	5.62	5.55	7.17
1/22/2004	7.93	6.44	20.52	3.54	12.97	5.24	5.33	6.83
1/23/2004	7.53	6.85	20.12	3.13	12.57	4.90	5.11	6.51
1/24/2004	7.16	6.23	19.74	2.75	12.21	4.57	4.88	6.21
1/25/2004	6.85	6.34	19.62	2.64	11.88	4.63	4.66	5.93
1/26/2004	7.11	6.97	19.99	3.01	11.60	4.69	4.86	8.23
1/27/2004	10.08	8.50	25.47	8.48	11.35	10.19	6.03	19.20
1/28/2004	13.82	3.62	30.37	13.37	11.14	15.69	7.57	26.89
1/29/2004	16.40	3.79	33.19	16.20	10.94	20.62	9.10	25.25
1/30/2004	17.90	3.03	36.03	19.03	10.71	25.54	10.42	23.72
1/31/2004	19.17	6.01	35.00	18.00	10.67	24.38	11.44	22.29
2/1/2004	19.65	5.53	35.50	18.52	15.49	23.21	12.14	20.95
2/2/2004	19.85	5.22	36.17	19.19	21.18	21.84	12.52	19.70
2/3/2004	20.16	5.12	37.07	20.09	27.00	20.48	12.80	19.45
2/4/2004	20.76	5.84	37.80	20.82	31.68	19.38	12.95	19.25
2/5/2004	21.55	5.03	37.99	21.01	35.17	18.29	12.93	18.13
2/6/2004	22.00	5.02	38.00	21.01	37.11	17.65	12.75	17.06
2/7/2004	22.06	5.03	38.01	21.01	37.65	17.01	12.73	18.43
2/8/2004	21.97	6.33	39.30	22.31	36.61	19.16	12.73	19.72
2/9/2004	21.61	7.75	40.72	23.74	37.37	21.32	12.67	18.55
2/10/2004	21.15	8.65	40.62	23.63	37.83	21.24	12.51	17.47
2/11/2004	20.70	8.43	40.40	23.41	37.89	21.16	12.24	16.45
2/12/2004	20.81	11.09	42.06	25.07	37.33	22.89	12.37	20.37
2/13/2004	22.48	10.21	44.17	27.19	35.76	24.62	13.05	28.59
2/14/2004	25.74	13.86	47.82	30.83	35.31	29.44	13.98	32.26
2/15/2004	33.41	18.86	52.83	35.84	36.17	34.25	15.83	41.19
2/16/2004	41.63	24.30	58.31	41.31	36.88	39.33	18.08	51.95
2/17/2004	50.40	29.28	63.29	46.28	41.48	44.41	20.33	53.31
2/18/2004	61.73	31.87	65.89	48.88	47.22	44.72	22.49	56.56
2/19/2004	69.38	34.02	68.05	51.03	52.48	45.03	24.23	58.24
2/20/2004	73.91	33.50	71.53	50.51	57.68	42.74	25.42	54.53
2/21/2004	75.89	32.42	74.46	49.44	61.01	40.44	26.03	51.07
2/22/2004	75.04	30.71	72.75	47.73	62.34	38.06	26.10	47.83
2/23/2004	72.49	28.45	74.50	45.47	61.82	35.68	25.70	44.80
2/24/2004	68.24	25.93	69.97	42.95	59.75	33.55	24.97	42.08
2/25/2004	63.43	23.10	64.13	40.11	56.54	31.43	23.96	39.55
2/26/2004	59.75	20.40	60.42	37.41	52.70	29.75	22.83	37.29
2/27/2004	58.90	20.23	59.30	37.26	48.57	28.08	22.47	49.55
2/28/2004	59.18	25.96	60.21	43.08	43.76	33.05	23.70	72.20
2/29/2004	60.88	30.28	64.57	47.42	43.43	38.02	25.49	78.96
3/1/2004	61.45	33.67	67.83	50.75	44.05	44.29	27.21	73.89
3/2/2004	60.60	37.81	71.90	54.86	46.96	50.56	28.53	69.15
3/3/2004	59.47	36.90	70.96	53.93	51.59	48.13	29.32	64.71
3/4/2004	58.62	35.97	70.01	52.99	55.98	45.70	29.55	60.57
3/5/2004	57.48	34.42	68.46	51.44	59.01	42.92	29.26	56.70
3/6/2004	56.35	32.38	66.43	49.40	60.34	40.15	28.53	53.08
3/7/2004	53.80	30.14	64.19	47.16	60.14	37.73	27.45	49.70
3/8/2004	50.97	27.56	61.60	44.58	58.72	35.31	26.10	46.55
3/9/2004	46.72	24.94	58.97	41.95	56.44	33.19	24.57	43.60
3/10/2004	44.17	22.31	56.33	39.32	53.62	31.07	23.09	41.51
3/11/2004	41.06	19.83	53.84	36.83	50.47	29.30	21.64	39.58
3/12/2004	37.66	17.28	51.28	34.27	47.40	27.53	20.20	37.10
3/13/2004	34.26	14.85	48.84	31.84	44.32	25.92	18.77	34.78
3/14/2004	30.58	12.47	46.45	29.46	41.30	24.31	17.37	32.61
3/15/2004	27.10	10.25	44.23	27.23	38.38	22.86	16.01	30.58
3/16/2004	24.64	9.12	42.09	25.10	35.58	21.42	14.78	28.81
3/17/2004	23.08	9.24	40.20	23.22	32.94	20.14	13.78	27.56
3/18/2004	22.20	9.40	38.36	21.38	30.45	18.87	12.91	26.26
3/19/2004	21.24	8.65	36.61	19.63	28.14	17.74	12.13	24.66
3/20/2004	20.13	8.98	34.94	17.96	25.99	16.62	11.39	23.15
3/21/2004	19.17	5.53	33.43	16.45	24.03	15.63	10.68	21.75
3/22/2004	18.07	11.97	31.99	15.01	22.25	14.64	10.00	20.44
3/23/2004	16.91	13.26	30.70	13.72	20.65	13.77	9.35	19.21
3/24/2004	15.55	14.47	29.49	12.51	19.24	12.90	8.71	18.07
3/25/2004	14.19	12.55	28.41	11.43	18.01	12.13	8.11	17.01
3/26/2004	12.71	11.57	27.39	10.41	16.93	11.36	7.53	16.01
3/27/2004	11.47	10.47	26.49	9.51	15.98	10.69	6.99	15.07
3/28/2004	10.56	8.33	25.63	8.65	15.16	10.01	6.49	14.20
3/29/2004	9.66	9.09	24.87	7.89	14.44	9.41	6.02	13.38
3/30/2004	8.83	7.81	24.16	7.17	13.82	8.82	5.59	12.61
3/31/2004	8.24	7.27	23.69	6.71	13.32	8.35	5.43	12.60
4/1/2004	7.79	6.71	23.26	6.27	12.87	7.89	5.42	12.62
4/2/2004	7.39	6.19	22.77	5.78	12.50	7.51	5.47	11.92
4/3/2004	6.88	5.66	22.30	5.32	12.19	7.13	5.52	11.25
4/4/2004	6.46	6.13	21.84	4.85	11.93	6.71	5.53	10.63
4/5/2004	6.00	5.57	21.40	4.41	11.71	6.30	5.51	10.04
4/6/2004	5.55	4.97	21.00	4.01	11.53	5.92	5.45	9.50
4/7/2004	5.15	4.36	20.61	3.62	11.36	5.55	5.34	8.99
4/8/2004	4.70	3.70	20.27	3.28	11.22	5.22	5.21	8.52
4/9/2004	4.28	3.03	19.93	2.95	11.09	4.89	5.06	8.08
4/10/2004	3.91	2.34	19.63	2.65	10.97	4.60	4.91	7.66
4/11/2004	3.51	3.55	19.42	2.43	10.86	4.30	4.95	7.75
4/12/2004	3.23	2.64	21.33	4.34	10.77	6.05	5.77	12.18
4/13/2004	3.28	2.76	23.21	6.22	10.82	7.79	7.06	16.23
4/14/2004	4.08	3.34	25.63	8.64	10.27	11.31	8.88	18.00
4/15/2004	4.67	3.77	28.20	11.21	10.44	14.83	10.75	19.32
4/16/2004	4.90	3.14	28.82	11.84	11.95	15.39	12.39	18.17
4/17/2004	4.67	3.28	29.67	12.69	14.17	15.94	13.68	17.09
4/18/2004	4.30	4.29	29.67	12.69	16.51	15.08	14.56	16.08
4/19/2004	3.91	3.37	29.58	12.60	18.58	14.21	15.06	15.14
4/20/2004	3.77	3.61	29.35	12.37	20.16	13.33	15.20	14.25
4/21/2004	4.56	3.99	28.97	11.98	21.25	12.44	15.06	13.42
4/22/2004	5.86	5.44	28.52	11.54	21.84	11.68	14.68	12.65
4/23/2004	6.85	6.02	27.94	10.95	21.96	10.92	14.12	11.92
4/24/2004	7.48	6.65	27.31	10.32	21.69	10.27	13.44	11.24
4/25/2004	7.79	7.36	26.60	9.62	21.15	9.62	12.68	10.61
4/26/2004	7.67	6.92	26.05	9.06	20.42	9.28	11.87	10.01
4/27/2004	7.42	7.24	25.72	8.74	19.61	8.93	11.46	10.85
4/28/2004	7.31	6.52	26.44	9.46	18.74	10.23	11.22	11.69
4/29/2004	6.91	6.08	26.88	9.90	17.87	11.52	11.03	11.03
4/30/2004	6.17	6.45	26.50	9.52	17.04	11.52	10.82	10.41
5/1/2004	5.83	4.61	26.34	9.36	16.29	11.52	10.89	10.81
5/2/2004	6.29	5.84	26.12	9.14	15.59	11.36	11.16	11.37
5/3/2004	7.67	6.86	27.10	10.11	15.00	11.19	12.49	18.37
5/4/2004	10.65	3.37	30.61	13.61	14.26	15.00	14.36	25.35
5/5/2004	12.94	10.91	33.06	16.07	14.85	18.80	16.25	24.32
5/6/2004	14.22	10.40	33.56	16.58	15.82	19.54	17.84	22.83
5/7/2004	14.07	10.21	34.17	17.19	17.04	20.28	19.01	21.44
5/8/2004	12.80	10.47	33.48	16.50	18.12	19.07	19.71	20.13
5/9/2004	11.41	11.27	32.68	15.70	18.78	17.85	19.97	18.91
5/10/2004	10.31	9.15	31.81	14.83	18.95	16.74	19.84	17.77
5/11/2004	9.37	8.12	30.83	13.85	18.75	15.63	19.39	16.70
5/12/2004	8.66	4.03	29.92	12.94	18.25	14.70	18.81	15.86
5/13/2004	8.04	5.00	28.96	11.98	17.54	13.77	18.12	15.09
5/14/2004	7.50	5.96	28.00	11.02	16.71	12.94	17.31	14.20
5/15/2004	6.97	6.90	27.06	10.07	15.87	12.12	16.41	13.37
5/16/2004	6.46	6.76	26.19	9.21	15.06	11.40	15.44	12.59
5/17/2004	6.00	5.61	25.35	8.37	14.28	10.68	14.45	11.86
5/18/2004	5.52	5.37	24.59	7.61	13.56	10.04	13.44	11.18
5/19/2004	4.96	3.09	23.87	6.88	12.92	9.41	12.44	10.54
5/20/2004	4.30	3.74	23.22	6.24	12.36	8.85	11.47	9.94
5/21/2004	3.71	2.36	22.60	5.62	11.87	8.29	10.55	9.38
5/22/2004	3.34	2.94	22.03	5.04	11.45	7.75	9.67	8.84
5/23/2004	2.92	1.49	21.47	4.49	11.08	7.21	8.86	8.34
5/24/2004	2.52	1.25	20.72	3.73	10.77	6.75	8.23	6.37
5/25/2004	2.12	1.69	20.28	3.29	10.51	6.28	7.71	6.05
5/26/2004	1.78	1.07	19.89	2.91	10.28	5.91	7.26	5.65
5/27/2004	1.47	1.45	19.52	2.53	10.07	5.54	6.85	5.28
5/28/2004	1.27	1.77	19.19	2.21	9.91	5.21	6.47	4.93
5/29/2004	1.08	1.08	18.89	1.90	9.78	4.88	6.20	4.65
5/30/2004	0.99	0.98	19.48	2.50	9.68	5.66	6.38	5.31
5/31/2004	1.50	1.29	20.07	3.09	9.59	6.43	6.85	5.97
6/1/2004	1.59	1.16	20.81	3.82	9.48	7.71	7.41	5.66
6/2/2004	1.36	1.33	21.54	4.55	9.42	8.98	7.91	5.28
6/3/2004	1.10	1.08	21.21	4.22	9.44	8.56	8.29	4.93
6/4/2004	1.05	1.04	20.92	3.94	9.55	8.15	8.57	4.62
6/5/2004	0.93	0.97	20.61	3.62	9.65	7.66	8.86	4.46
6/6/2004	0.88	0.90	20.29	3.30	9.70	7.18	9.10	4.31
6/7/2004	0.85	0.98	20.01	3.02	9.79	6.75	9.38	4.16
6/8/2004	1.47	1.26	19.71	2.72	9.80	6.32	9.64	4.03
6/9/2004	1.61	1.55	19.42	2.43	9.79	5.95	9.81	3.77
6/10/2004	1.42	1.13	19.13	2.15	9.80	5.57	9.88	3.53
6/11/2004	1.30	1.09	18.88	1.89	9.79	5.24	9.90	3.33
6/12/2004	1.10	1.04	18.62	1.63	9.75	4.91	9.84	3.13
6/13/2004	0.93	0.59	18.38	1.39	9.71	4.61	9.69	2.93
6/14/2004	0.79	0.63	18.14	1.15	9.66	4.32	9.45	2.73
6/15/2004	0.68	0.59	17.92	0.94	9.60	4.07	9.13	2.55
6/16/2004	0.57	0.48	17.71	0.72	9.53	3.81	8.81	2.40
6/17/2004	0.51	0.49	17.51	0.52	9.44	3.58	8.57	2.30
6/18/2004	0.48	0.46	17.34	0.35	9.38	3.35	8.48	2.29
6/19/2004	0.45	0.43	17.21	0.22	9.30	3.16	8.59	2.35
6/20/2004	0.40	0.20	17.08	0.09	9.29	2.96	8.88	2.40
6/21/2004	0.37	1.80	16.93	0.06	9.23	2.78	9.19	2.32
6/22/2004	0.34	1.20	16.77	0.22	9.18	2.60	9.43	2.17
6/23/2004	0.34	1.60	16.64	0.35	9.14	2.45	9.56	2.03
6/24/2004	0.28	0.60	16.53	0.46	9.11	2.29	9.76	2.07
6/25/2004	0.25	0.89	16.46	0.53	9.13	2.16	9.98	2.12
6/26/2004	0.23	0.45	16.38	0.61	9.13	2.02	10.34	2.18
6/27/2004	0.23	0.38	16.30	0.69	9.10	1.90	10.68	2.21
6/28/2004	0.28	0.17	16.21	0.78	9.08	1.78	11.09	2.20
6/29/2004	0.28	0.20	16.22	0.77	9.09	1.67	11.75	2.60
6/30/2004	0.28	0.39	16.19	0.80	9.07	1.57	12.40	2.83
7/1/2004	0.31	0.30	16.11	0.88	9.10	1.47	13.04	2.72
7/2/2004	0.34	0.32	16.04	0.95	9.11	1.38	13.55	2.62
7/3/2004	0.31	0.30	16.27	0.72	9.11	1.79	13.88	2.45
7/4/2004	0.42	0.40	16.78	0.21	9.14	2.20	14.62	3.72
7/5/2004	1.61	1.02	19.40	2.42	9.15	5.93	15.41	4.90
7/6/2004	2.35	1.89	21.74	4.75	9.00	9.66	16.25	4.75
7/7/2004	1.84	1.66	22.28	5.29	8.99	10.53	16.93	4.61
7/8/2004	1.16	1.16	22.89	5.90	9.35	11.39	17.34	4.31
7/9/2004	0.85	0.78	22.63	5.64	9.85	10.71	17.79	4.44
7/10/2004	0.68	0.56	22.36	5.37	10.31	10.03	18.10	4.56
7/11/2004	0.54	0.52	22.24	5.25	10.68	9.76	18.18	4.26
7/12/2004	0.48	0.42	22.28	5.29	10.96	9.50	18.51	4.92
7/13/2004	0.51	0.50	23.79	6.80	11.09	11.59	18.85	5.53
7/14/2004	0.45	0.43	25.12	8.13	11.20	13.68	19.14	5.22
7/15/2004	0.40	0.38	25.19	8.20	11.19	13.88	19.25	4.92
7/16/2004	0.34	0.32	25.24	8.24	11.13	14.07	19.12	4.59
7/17/2004	0.27	0.21	24.60	7.61	11.01	13.23	18.76	4.29
7/18/2004	0.24	0.22	24.00	7.01	10.90	12.40	18.36	4.12
7/19/2004	0.24	0.19	23.44	6.45	10.73	11.66	17.92	3.98
7/20/2004	0.23	0.25	22.87	5.88	10.51	10.92	17.57	3.86
7/21/2004	0.22	0.21	22.35	5.36	10.29	10.26	17.17	3.73
7/22/2004	0.23	0.20	21.80	4.81	10.07	9.59	16.69	3.49
7/23/2004	0.21	0.20	21.33	4.34	9.87	9.02	16.11	3.26
7/24/2004	0.21	0.22	20.86	3.87	9.68	8.45	15.44	3.04
7/25/2004	0.88	0.78	20.47	3.48	9.55	7.95	14.77	2.87
7/26/2004	1.95	1.22	20.06	3.07	9.40	7.44	14.08	2.71
7/27/2004	1.36	1.19	19.68	2.69	9.24	6.97	13.35	2.53
7/28/2004	1.05	1.06	19.29	2.30	9.10	6.49	12.60	2.36
7/29/2004	0.82	0.78	19.01	2.02	8.99	6.10	12.06	2.39
7/30/2004	0.74	0.68	18.74	1.75	8.88	5.72	11.61	2.41
7/31/2004	0.68	0.61	18.67	1.68	8.81	5.63	11.43	2.46
8/1/2004	0.91	0.89	18.72	1.74	8.78	5.54	11.77	3.16
8/2/2004	0.85	0.86	19.92	2.93	8.77	7.24	12.44	3.71
8/3/2004	2.18	1.79	21.03	4.04	8.73	8.94	13.42	3.82
8/4/2004	3.23	2.89	21.20	4.21	8.71	9.22	14.40	3.83
8/5/2004	3.23	3.12	21.33	4.33	8.69	9.49	15.19	3.58
8/6/2004	3.45	3.14	22.17	5.18	8.72	10.56	16.26	4.36
8/7/2004	3.94	3.65	22.99	6.00	8.73	11.62	17.26	5.09
8/8/2004	3.45	3.35	24.19	7.20	8.98	13.45	18.01	4.75
8/9/2004	2.72	2.45	25.39	8.39	9.19	15.28	18.43	4.44
8/10/2004	2.07	1.89	24.92	7.92	9.36	14.55	18.53	4.15
8/11/2004	1.50	1.35	24.43	7.43	9.46	13.83	18.32	3.87
8/12/2004	1.25	1.20	25.16	8.16	9.49	15.01	17.86	3.62
8/13/2004	9.66	5.26	28.72	11.73	9.37	16.20	24.33	19.26
8/14/2004	19.82	7.68	41.77	24.72	7.69	32.98	33.75	33.97
8/15/2004	36.53	23.77	57.91	40.84	20.65	49.77	48.37	40.57
8/16/2004	58.62	41.92	76.22	59.06	33.51	69.23	64.67	49.44
8/17/2004	73.91	59.58	94.14	76.86	49.45	88.69	79.75	50.61
8/18/2004	85.80	67.45	102.00	84.72	68.38	92.59	92.11	47.35
8/19/2004	96.84	74.23	108.87	91.55	84.78	96.49	101.14	42.73
8/20/2004	101.94	74.01	108.58	91.29	96.83	91.04	106.80	39.91
8/21/2004	100.81	72.05	106.59	89.32	103.30	85.59	109.35	37.28
8/22/2004	94.86	68.66	103.18	85.92	104.40	80.49	109.26	34.83
8/23/2004	87.22	63.96	98.43	81.19	101.20	75.38	107.05	32.55
8/24/2004	79.57	58.72	93.12	75.91	94.87	70.89	103.17	30.41
8/25/2004	73.62	52.97	87.31	70.14	86.87	66.40	98.06	28.41
8/26/2004	70.23	47.26	81.53	64.39	77.81	62.44	92.11	26.53
8/27/2004	70.23	41.61	75.82	58.71	68.49	58.49	86.00	25.41
8/28/2004	68.24	36.74	70.91	53.82	59.65	55.50	79.87	24.40
8/29/2004	71.08	32.40	66.52	49.46	51.64	52.50	74.42	24.89
8/30/2004	75.04	33.87	68.01	50.94	44.46	56.78	70.69	30.17
8/31/2004	75.32	35.44	69.65	52.54	38.08	61.07	67.72	34.73
9/1/2004	79.85	37.80	72.09	54.94	38.35	65.00	65.34	33.46
9/2/2004	80.70	40.56	74.92	57.74	39.51	68.92	63.31	32.87
9/3/2004	77.02	39.56	73.85	56.70	42.93	66.07	61.22	31.38
9/4/2004	73.62	39.18	73.41	56.29	48.62	63.22	58.86	29.41
9/5/2004	68.81	37.92	72.09	55.00	53.17	59.52	56.18	27.58
9/6/2004	63.71	36.09	70.22	53.15	55.90	55.82	53.20	25.86
9/7/2004	60.03	33.88	67.99	50.93	56.52	52.50	50.11	24.37
9/8/2004	56.63	31.12	65.20	48.16	55.17	49.17	47.12	23.27
9/9/2004	57.20	29.14	63.20	46.16	52.34	47.38	44.59	23.54
9/10/2004	59.47	26.75	60.80	43.77	48.41	45.58	42.25	23.55
9/11/2004	73.62	27.26	61.31	44.28	44.50	47.64	40.70	25.78
9/12/2004	90.61	28.22	62.26	45.24	39.12	49.70	40.70	33.01
9/13/2004	96.28	33.18	67.27	50.22	40.97	55.64	41.22	36.09
9/14/2004	91.75	41.56	75.70	58.63	56.80	61.57	41.66	33.83
9/15/2004	84.38	45.22	79.37	62.29	72.66	60.09	41.84	31.85
9/16/2004	79.29	48.14	82.36	65.25	85.95	58.60	41.76	30.41
9/17/2004	73.91	48.32	82.62	65.47	94.40	55.25	41.27	28.92
9/18/2004	69.66	47.08	81.42	64.25	97.76	51.90	40.67	28.31
9/19/2004	64.00	45.19	79.52	62.35	96.18	49.88	39.78	27.78
9/20/2004	57.48	42.28	76.58	59.43	92.02	47.87	38.55	26.06
9/21/2004	51.25	38.42	72.65	55.53	85.57	45.43	36.99	24.46
9/22/2004	46.16	34.17	68.34	51.25	77.86	42.98	35.16	22.96
9/23/2004	42.48	29.70	63.81	46.75	69.61	40.42	33.13	21.56
9/24/2004	39.08	25.23	59.29	42.26	61.34	37.86	30.95	20.25
9/25/2004	35.68	21.08	55.11	38.10	53.43	35.61	28.71	19.03
9/26/2004	31.15	17.15	51.15	34.14	46.15	33.36	26.46	17.88
9/27/2004	28.60	13.79	47.78	30.78	39.66	31.34	24.57	17.78
9/28/2004	26.39	10.78	44.75	27.76	33.93	29.33	23.12	18.21
9/29/2004	24.47	8.22	42.18	25.20	29.71	27.58	21.89	17.63
9/30/2004	23.19	5.86	39.82	22.84	26.39	25.84	20.75	16.58
10/1/2004	23.08	3.84	37.80	20.82	23.70	24.30	19.63	15.60
10/2/2004	23.50	11.98	35.94	18.96	21.48	22.76	18.52	14.68
10/3/2004	23.50	10.65	34.61	17.63	19.61	21.85	17.42	13.82
10/4/2004	23.22	10.07	34.03	17.05	18.02	20.94	16.99	16.62
10/5/2004	22.80	13.26	35.24	18.25	15.63	23.20	16.86	19.30
10/6/2004	21.70	13.44	37.42	20.43	18.59	25.46	16.78	18.14
10/7/2004	20.80	14.16	38.13	21.14	21.88	25.27	16.62	17.06
10/8/2004	19.89	14.83	38.79	21.81	24.95	25.09	16.34	16.05
10/9/2004	18.87	14.38	38.34	21.36	27.15	23.59	15.91	15.10
10/10/2004	17.97	13.58	37.54	20.56	28.17	22.10	15.34	14.22
10/11/2004	16.89	12.53	36.49	19.51	28.04	20.78	14.67	13.39
10/12/2004	15.81	11.24	35.19	18.21	27.05	19.47	13.91	12.62
10/13/2004	14.77	10.14	33.82	16.84	25.47	18.31	13.09	11.90
10/14/2004	13.65	11.61	32.35	15.37	23.58	17.15	12.26	11.23
10/15/2004	12.86	11.91	31.05	14.07	21.58	16.29	11.46	10.60
10/16/2004	12.26	10.02	29.94	12.96	19.64	15.43	11.00	10.90
10/17/2004	11.82	10.31	29.65	12.67	17.85	15.76	10.71	11.21
10/18/2004	11.40	8.67	29.29	12.31	16.39	16.09	10.47	10.59
10/19/2004	11.10	5.43	28.54	11.55	15.18	15.60	10.39	10.26
10/20/2004	10.62	6.15	27.82	10.83	14.04	15.12	10.37	9.99
10/21/2004	10.11	7.10	26.86	9.88	13.16	14.22	10.32	9.45
10/22/2004	9.58	8.00	25.96	8.98	12.45	13.32	10.20	8.94
10/23/2004	8.96	8.79	25.17	8.19	11.86	12.52	10.00	8.46
10/24/2004	8.37	7.53	24.43	7.45	11.39	11.73	9.73	8.01
10/25/2004	7.94	7.21	23.76	6.77	10.94	11.02	9.39	7.60
10/26/2004	7.59	6.85	23.11	6.13	10.59	10.30	9.00	7.21
10/27/2004	7.03	7.41	22.56	5.57	10.30	9.69	8.57	6.84
10/28/2004	6.48	6.93	22.03	5.05	10.07	9.08	8.12	6.50
10/29/2004	6.00	5.41	21.56	4.57	9.88	8.53	7.67	6.18
10/30/2004	5.68	4.87	21.10	4.11	9.74	7.97	7.23	5.89
10/31/2004	5.30	5.27	20.70	3.71	9.61	7.49	6.80	5.61
11/1/2004	4.97	4.67	20.30	3.31	9.51	7.00	6.39	5.34
11/2/2004	4.66	4.00	19.96	2.98	9.42	6.59	6.00	5.10
11/3/2004	4.36	4.34	19.63	2.64	9.35	6.17	5.63	4.86
11/4/2004	4.13	3.64	19.33	2.34	9.28	5.80	5.28	4.65
11/5/2004	4.01	3.91	19.06	2.08	9.24	5.44	5.06	4.53
11/6/2004	3.87	3.23	18.74	1.75	9.20	4.99	4.91	4.43
11/7/2004	3.73	2.55	18.41	1.43	9.17	4.55	4.79	4.25
11/8/2004	3.62	3.85	18.12	1.13	9.14	4.16	4.68	4.08
11/9/2004	3.44	3.14	17.83	0.84	9.13	3.76	4.57	3.91
11/10/2004	3.24	2.33	17.64	0.65	9.11	3.52	4.44	3.76
11/11/2004	3.07	2.51	17.46	0.47	9.10	3.28	4.32	3.62
11/12/2004	3.00	2.50	17.47	0.49	9.09	3.34	4.24	3.52
11/13/2004	3.27	2.73	18.24	1.25	9.09	3.39	5.03	7.56
11/14/2004	3.60	2.89	20.08	3.10	9.05	5.18	6.16	11.40
11/15/2004	3.77	2.76	21.20	4.22	9.33	6.96	7.33	10.76
11/16/2004	3.81	2.50	21.46	4.48	9.80	7.30	8.36	10.17
11/17/2004	3.73	2.16	21.81	4.82	10.55	7.63	9.18	9.61
11/18/2004	3.64	2.30	21.66	4.68	11.34	7.17	9.75	9.09
11/19/2004	3.52	2.47	21.49	4.51	12.01	6.72	10.07	8.60
11/20/2004	3.38	2.67	21.30	4.31	12.47	6.32	10.19	8.15
11/21/2004	3.17	2.92	21.04	4.06	12.73	5.92	10.12	7.72
11/22/2004	2.98	3.04	20.92	3.94	12.83	5.80	9.94	7.32
11/23/2004	3.12	2.71	21.26	4.27	12.79	5.68	10.29	9.64
11/24/2004	3.79	2.59	23.38	6.39	12.66	8.12	11.18	12.86
11/25/2004	4.51	3.00	24.96	7.98	12.52	10.56	12.23	13.16
11/26/2004	4.79	3.45	25.51	8.53	12.48	11.64	13.19	12.43
11/27/2004	4.89	3.70	26.26	9.28	13.07	12.71	13.92	11.73
11/28/2004	5.71	4.46	28.50	11.51	14.12	15.20	14.91	13.34
11/29/2004	6.97	3.32	30.65	13.66	14.95	17.68	15.84	14.90
11/30/2004	7.59	3.23	33.74	16.75	17.32	21.55	16.54	14.04
12/1/2004	7.83	3.88	36.87	19.87	19.77	25.41	16.95	13.23
12/2/2004	7.82	3.77	36.74	19.75	22.21	24.25	17.05	12.48
12/3/2004	7.70	4.51	36.48	19.49	24.18	23.08	16.87	11.78
12/4/2004	7.68	5.87	35.84	18.85	25.42	21.68	16.45	11.12
12/5/2004	8.06	6.02	34.98	18.00	25.91	20.29	15.85	10.51
12/6/2004	8.71	7.05	34.02	17.03	25.76	19.03	15.11	9.93
12/7/2004	9.51	6.06	32.91	15.92	25.12	17.77	14.31	9.41
12/8/2004	10.18	7.14	31.83	14.84	24.16	16.71	13.46	8.91
12/9/2004	10.63	8.27	30.69	13.71	23.00	15.65	12.60	8.44
12/10/2004	10.95	9.09	29.87	12.89	21.75	14.89	12.03	8.78
12/11/2004	11.15	10.90	29.06	12.08	20.53	14.13	11.64	9.15
12/12/2004	11.20	10.77	28.19	11.21	19.19	13.56	11.33	8.70
12/13/2004	11.08	9.54	27.42	10.43	18.16	12.99	11.02	8.25
12/14/2004	10.78	9.27	26.69	9.71	17.63	12.24	10.69	7.83
12/15/2004	10.36	7.92	26.04	9.06	17.35	11.49	10.30	7.43
12/16/2004	9.94	8.49	25.47	8.49	17.15	10.81	9.87	7.06
12/17/2004	9.51	9.06	24.90	7.92	16.93	10.13	9.41	6.72
12/18/2004	9.01	8.60	24.36	7.38	16.65	9.52	8.93	6.40
12/19/2004	8.60	8.15	23.81	6.83	16.31	8.92	8.44	6.10
12/20/2004	8.13	7.66	23.30	6.32	15.92	8.39	8.00	5.84
12/21/2004	7.71	6.18	22.79	5.80	15.50	7.86	7.58	5.61
12/22/2004	7.41	6.66	22.30	5.32	15.06	7.39	7.18	5.37
12/23/2004	7.18	6.15	21.81	4.83	14.61	6.92	6.80	5.13
12/24/2004	7.01	6.59	21.38	4.39	14.17	6.51	6.48	4.95
12/25/2004	6.91	5.02	20.94	3.96	13.71	6.10	6.24	4.80
12/26/2004	7.32	6.55	22.41	5.43	13.40	7.54	6.69	8.32
12/27/2004	8.50	7.19	23.77	6.79	12.80	8.97	7.51	11.75
12/28/2004	9.67	8.21	25.74	8.76	14.55	11.32	8.40	11.22
12/29/2004	10.58	6.00	27.95	10.97	17.12	13.66	9.19	10.61
12/30/2004	11.02	5.29	28.66	11.68	20.87	13.10	9.80	10.03
12/31/2004	11.23	4.60	29.36	12.38	24.55	12.54	10.20	9.50
1/1/2005	11.23	4.27	29.70	12.71	27.43	11.79	10.39	8.99
1/2/2005	11.00	4.28	29.70	12.71	29.23	11.05	10.39	8.52
1/3/2005	10.77	4.55	29.43	12.44	29.97	10.39	10.23	8.08
1/4/2005	10.71	5.11	28.88	11.88	29.81	9.73	9.95	7.67
1/5/2005	10.72	5.82	28.17	11.17	28.96	9.15	9.56	7.28
1/6/2005	10.71	6.67	27.31	10.32	27.65	8.57	9.12	6.92
1/7/2005	10.64	7.55	26.43	9.43	26.08	8.06	8.63	6.58
1/8/2005	10.58	8.47	25.51	8.51	24.39	7.55	8.12	6.26
1/9/2005	10.55	9.35	24.63	7.64	22.71	7.09	7.61	5.97
1/10/2005	10.46	10.20	23.77	6.78	21.10	6.63	7.10	5.69
1/11/2005	10.34	9.96	23.01	6.02	19.62	6.24	6.62	5.43
1/12/2005	10.08	11.69	22.28	5.30	18.28	5.84	6.16	5.19
1/13/2005	9.83	12.32	21.65	4.66	17.09	5.50	5.74	4.97
1/14/2005	9.95	12.91	21.06	4.08	16.04	5.15	5.43	4.81
1/15/2005	11.18	10.91	23.05	6.07	15.12	7.83	5.79	7.83
1/16/2005	12.77	8.98	24.98	7.99	14.08	10.51	6.45	10.67
1/17/2005	13.64	6.33	27.64	10.65	14.60	14.53	7.20	10.10
1/18/2005	13.97	10.47	30.51	13.52	15.77	18.54	7.87	9.57
1/19/2005	13.67	8.44	30.53	13.54	17.70	17.78	8.40	9.06
1/20/2005	13.02	9.39	30.58	13.59	19.70	17.02	8.75	8.59
1/21/2005	12.47	11.63	30.33	13.35	21.27	16.01	8.93	8.15
1/22/2005	11.95	10.06	29.91	12.92	22.23	15.00	8.96	7.74
1/23/2005	11.63	9.59	29.37	12.39	22.58	14.10	8.89	7.38
1/24/2005	11.35	8.28	28.69	11.70	22.43	13.21	8.74	7.05
1/25/2005	11.01	9.00	27.96	10.98	21.94	12.42	8.51	6.71
1/26/2005	10.83	9.80	27.16	10.18	21.19	11.64	8.22	6.39
1/27/2005	10.69	7.59	26.38	9.39	20.27	10.95	7.87	6.10
1/28/2005	10.52	8.41	25.55	8.57	19.26	10.25	7.50	5.81
1/29/2005	10.36	8.88	25.08	8.10	18.25	10.09	7.10	5.55
1/30/2005	10.34	9.07	24.90	7.91	17.26	9.93	7.07	6.80
1/31/2005	10.39	7.25	26.71	9.72	16.24	12.89	7.20	8.00
2/1/2005	10.45	5.52	28.45	11.47	15.90	15.86	7.36	7.60
2/2/2005	10.43	5.33	28.64	11.66	15.92	16.25	7.48	7.22
2/3/2005	10.32	5.01	28.96	11.97	16.31	16.65	7.54	6.87
2/4/2005	10.65	3.90	30.08	13.09	16.76	17.80	7.88	8.13
2/5/2005	11.21	2.86	31.12	14.13	16.97	18.96	8.29	9.35
2/6/2005	11.52	1.35	32.64	15.64	17.57	21.15	8.66	8.86
2/7/2005	11.58	0.19	34.19	17.19	18.27	23.33	8.92	8.40
2/8/2005	11.48	0.36	33.64	16.64	19.13	22.18	9.05	7.97
2/9/2005	11.26	0.93	33.05	16.06	19.87	21.04	9.05	7.56
2/10/2005	11.21	1.63	32.35	15.36	20.30	19.79	9.07	7.44
2/11/2005	11.07	2.44	31.53	14.54	20.35	18.53	9.05	7.34
2/12/2005	10.93	3.29	30.69	13.70	20.13	17.43	8.96	6.98
2/13/2005	10.63	4.20	29.77	12.78	19.68	16.33	8.80	6.64
2/14/2005	10.43	5.07	28.90	11.91	19.10	15.35	8.55	6.33
2/15/2005	10.27	5.97	28.00	11.01	18.41	14.38	8.27	6.03
2/16/2005	10.14	6.81	27.15	10.17	17.67	13.51	7.95	5.76
2/17/2005	9.92	7.67	26.30	9.31	16.91	12.63	7.60	5.50
2/18/2005	9.67	8.44	25.52	8.54	16.15	11.87	7.23	5.25
2/19/2005	9.28	9.20	24.76	7.78	15.41	11.12	6.84	5.03
2/20/2005	8.83	9.91	24.06	7.07	14.71	10.43	6.46	4.82
2/21/2005	8.50	7.59	23.38	6.39	14.05	9.75	6.09	4.62
2/22/2005	8.28	7.12	22.84	5.86	13.45	9.15	5.93	4.85
2/23/2005	8.11	7.65	22.32	5.33	12.89	8.55	5.86	5.07
2/24/2005	8.05	7.48	24.48	7.49	12.41	11.35	6.39	7.83
2/25/2005	8.50	7.23	26.74	9.75	12.11	14.16	7.29	10.76
2/26/2005	8.93	4.69	29.30	12.30	11.25	18.60	8.26	10.50
2/27/2005	9.12	1.93	32.09	15.08	11.24	23.05	9.13	9.94
2/28/2005	9.76	4.41	33.60	16.59	12.48	23.98	10.36	12.82
3/1/2005	11.01	7.24	35.23	18.23	14.18	24.91	11.64	15.60
3/2/2005	11.79	8.89	36.89	19.89	17.06	26.32	12.74	14.72
3/3/2005	12.08	9.62	38.62	21.61	20.14	27.73	13.56	13.88
3/4/2005	12.25	10.54	38.53	21.53	23.30	26.29	14.07	13.09
3/5/2005	12.63	11.34	38.32	21.33	26.02	24.86	14.27	12.36
3/6/2005	13.48	9.87	37.84	20.85	27.94	23.38	14.24	11.68
3/7/2005	14.38	10.13	37.10	20.11	29.00	21.90	13.99	11.05
3/8/2005	15.18	12.26	36.23	19.24	29.25	20.59	13.62	10.48
3/9/2005	15.85	11.17	35.14	18.15	28.78	19.29	13.14	9.94
3/10/2005	16.06	10.01	33.98	16.99	27.76	18.14	12.57	9.42
3/11/2005	15.99	11.23	32.73	15.75	26.44	16.99	11.94	8.92
3/12/2005	15.62	12.43	31.53	14.54	24.94	15.98	11.31	8.50
3/13/2005	14.87	13.64	30.32	13.34	23.40	14.97	10.67	8.10
3/14/2005	13.71	12.77	29.19	12.21	21.88	14.08	10.04	7.68
3/15/2005	12.66	11.87	28.09	11.11	20.43	13.19	9.44	7.30
3/16/2005	11.83	6.50	27.46	10.48	19.08	12.91	8.98	7.17
3/17/2005	12.33	6.11	27.84	10.86	17.87	12.63	9.30	12.36
3/18/2005	13.39	3.59	30.36	13.38	16.47	15.89	9.95	17.05
3/19/2005	13.90	5.47	32.49	15.50	17.09	19.15	10.66	16.06
3/20/2005	14.01	5.08	32.88	15.89	18.12	19.51	11.29	15.14
3/21/2005	13.65	2.59	33.37	16.39	19.45	19.87	11.76	14.28
3/22/2005	13.19	3.04	32.92	15.94	20.60	18.85	12.01	13.46
3/23/2005	12.98	6.28	32.67	15.69	21.27	17.83	12.43	14.58
3/24/2005	13.60	5.65	33.30	16.32	21.35	18.14	13.08	16.81
3/25/2005	14.22	5.44	33.51	16.53	21.26	18.46	13.70	16.99
3/26/2005	14.57	6.18	32.77	15.79	20.66	17.88	14.17	16.00
3/27/2005	14.93	7.83	32.12	15.14	20.27	17.30	14.51	15.19
3/28/2005	17.12	8.93	33.02	16.05	20.27	17.58	15.26	19.16
3/29/2005	21.02	8.34	33.61	16.63	19.46	17.85	16.09	22.83
3/30/2005	23.64	7.35	35.30	18.32	23.64	18.81	16.78	21.49
3/31/2005	26.02	6.13	37.08	20.10	28.06	19.78	17.21	20.19
4/1/2005	27.57	8.59	37.55	20.57	32.06	18.88	17.41	19.02
4/2/2005	28.54	10.12	38.09	21.10	34.96	17.98	17.73	20.15
4/3/2005	29.26	11.85	38.82	21.83	36.24	18.03	18.16	21.78
4/4/2005	29.83	24.83	38.80	21.81	36.48	18.08	18.47	21.08
4/5/2005	30.02	20.38	38.35	21.36	36.98	17.50	18.58	19.81
4/6/2005	29.45	18.85	37.83	20.83	37.19	16.91	18.44	18.63
4/7/2005	28.48	13.11	37.10	20.10	36.95	16.21	18.07	17.52
4/8/2005	27.44	15.74	36.73	19.73	36.11	15.51	17.96	19.42
4/9/2005	26.48	16.42	37.39	20.40	34.33	16.90	17.90	21.24
4/10/2005	25.57	13.90	37.86	20.88	33.70	18.30	17.75	19.96
4/11/2005	24.59	12.30	37.26	20.27	32.94	18.07	17.44	18.77
4/12/2005	23.49	11.68	36.64	19.65	32.09	17.84	16.98	17.65
4/13/2005	22.14	11.46	35.43	18.44	30.97	16.78	16.44	16.69
4/14/2005	20.79	12.18	34.14	17.15	29.53	15.72	15.88	15.87
4/15/2005	19.38	11.04	32.92	15.94	27.80	14.78	15.44	15.50
4/16/2005	17.65	12.34	31.62	14.63	25.81	13.85	15.01	15.09
4/17/2005	16.33	13.08	30.37	13.39	24.07	13.02	14.53	14.22
4/18/2005	15.14	11.78	29.17	12.19	22.41	12.20	13.98	13.40
4/19/2005	13.85	10.89	28.07	11.09	20.84	11.47	13.36	12.64
4/20/2005	12.73	8.95	27.01	10.03	19.36	10.75	12.68	11.92
4/21/2005	11.55	7.92	26.04	9.05	17.97	10.11	11.97	11.25
4/22/2005	10.49	9.86	25.09	8.11	16.65	9.47	11.23	10.62
4/23/2005	9.40	8.72	24.24	7.26	15.45	8.90	10.49	10.03
4/24/2005	8.33	7.52	23.45	6.46	14.38	8.34	9.76	9.48
4/25/2005	7.35	7.25	22.72	5.73	13.42	7.82	9.06	8.97
4/26/2005	6.36	5.94	22.02	5.04	12.57	7.29	8.39	8.50
4/27/2005	5.57	4.51	21.45	4.46	11.88	6.86	7.80	8.07
4/28/2005	4.96	3.06	20.91	3.92	11.27	6.43	7.26	7.67
4/29/2005	4.39	2.55	20.42	3.43	10.76	6.03	6.77	7.27
4/30/2005	3.90	2.00	19.96	2.98	10.35	5.63	6.31	6.90
5/1/2005	3.52	2.36	19.61	2.62	10.04	5.28	6.03	6.72
5/2/2005	3.21	2.69	19.27	2.29	9.78	4.93	5.85	6.58
5/3/2005	2.94	2.01	18.96	1.97	9.55	4.64	5.72	6.26
5/4/2005	2.68	2.31	18.65	1.67	9.36	4.35	5.60	5.96
5/5/2005	2.49	2.14	18.83	1.84	9.20	4.78	5.48	5.68
5/6/2005	4.30	2.29	20.69	3.70	9.12	5.21	6.54	14.47
5/7/2005	11.04	8.78	25.21	8.21	7.89	10.43	8.13	22.85
5/8/2005	14.30	8.03	29.93	12.95	13.02	15.64	9.80	21.51
5/9/2005	15.72	11.78	32.17	15.19	18.41	16.86	11.29	20.20
5/10/2005	15.91	4.36	34.31	17.33	23.42	18.08	12.47	18.98
5/11/2005	14.92	4.65	34.61	17.63	27.22	17.01	13.29	17.84
5/12/2005	12.91	5.43	34.39	17.41	29.36	15.94	13.76	16.77
5/13/2005	10.65	7.19	33.77	16.79	29.91	14.99	13.91	15.77
5/14/2005	8.78	7.19	32.77	15.79	29.23	14.04	13.80	14.83
5/15/2005	8.22	7.35	31.61	14.63	27.70	13.21	13.57	14.04
5/16/2005	7.44	6.63	30.33	13.35	25.71	12.37	13.33	13.43
5/17/2005	6.83	5.90	29.06	12.08	23.44	11.64	13.18	12.98
5/18/2005	7.53	6.22	27.74	10.76	21.07	10.90	13.01	12.46
5/19/2005	9.10	7.49	26.47	9.48	18.81	10.23	12.77	11.74
5/20/2005	9.94	7.68	25.28	8.29	16.79	9.56	12.44	11.07
5/21/2005	9.67	7.02	26.93	9.95	15.11	11.79	12.88	15.15
5/22/2005	10.45	5.32	28.65	11.66	13.71	14.02	13.58	19.05
5/23/2005	11.67	6.62	30.34	13.36	12.50	17.55	14.27	17.90
5/24/2005	12.51	7.80	32.19	15.19	11.70	21.08	14.80	16.83
5/25/2005	12.98	8.54	31.44	14.45	11.44	20.13	15.40	16.57
5/26/2005	12.94	7.21	30.77	13.78	11.38	19.18	15.89	16.38
5/27/2005	12.57	8.96	30.01	13.03	11.90	18.04	16.17	15.40
5/28/2005	11.76	8.72	29.25	12.26	12.37	16.89	16.20	14.49
5/29/2005	10.63	7.39	28.58	11.59	12.78	15.89	16.04	13.65
5/30/2005	9.71	8.01	27.96	10.97	13.01	14.88	15.96	13.43
5/31/2005	9.23	6.51	27.45	10.46	13.08	14.00	16.05	13.64
6/1/2005	9.70	7.11	26.85	9.87	12.96	13.11	16.35	13.75
6/2/2005	11.17	6.66	27.30	10.32	12.84	13.48	17.09	15.11
6/3/2005	13.64	6.28	27.68	10.69	12.60	13.85	18.06	16.29
6/4/2005	17.38	9.30	29.67	12.68	12.38	16.47	19.49	18.30
6/5/2005	22.22	12.40	31.57	14.58	12.01	19.09	21.02	20.07
6/6/2005	27.48	11.33	32.64	15.65	12.78	20.65	22.32	19.07
6/7/2005	32.00	10.20	33.77	16.78	13.84	22.21	23.21	17.92
6/8/2005	34.74	10.78	33.19	16.20	14.92	21.09	23.67	16.86
6/9/2005	35.58	11.42	32.54	15.56	15.71	19.98	23.74	15.88
6/10/2005	34.26	12.26	31.71	14.72	16.08	18.76	23.50	14.99
6/11/2005	32.19	12.22	30.75	13.76	16.03	17.54	22.96	14.14
6/12/2005	29.69	10.17	29.79	12.80	15.62	16.49	22.18	13.31
6/13/2005	26.67	9.20	28.76	11.78	14.95	15.45	21.21	12.54
6/14/2005	23.56	9.16	27.80	10.82	14.19	14.53	20.09	11.81
6/15/2005	20.79	7.12	26.84	9.85	13.41	13.61	18.87	11.13
6/16/2005	17.89	8.01	25.95	8.97	12.65	12.79	17.61	10.49
6/17/2005	14.94	7.87	25.10	8.11	11.95	11.97	16.32	9.90
6/18/2005	12.04	7.63	24.33	7.35	11.29	11.26	15.05	9.34
6/19/2005	9.80	5.02	18.75	5.13	10.70	10.54	13.82	8.82
6/20/2005	8.07	8.32	17.91	4.29	10.18	9.91	12.65	8.33
6/21/2005	6.67	6.06	17.18	3.56	9.74	9.27	11.54	7.87
6/22/2005	5.54	4.78	16.47	2.84	9.35	8.71	10.51	7.43
6/23/2005	4.57	3.38	13.86	0.24	9.02	8.15	9.56	5.43
6/24/2005	3.74	2.95	13.30	0.33	8.72	7.67	8.70	5.07
6/25/2005	3.20	2.79	13.46	0.17	8.51	7.18	8.16	5.16
6/26/2005	3.14	2.41	13.84	0.21	8.30	6.74	7.93	5.35
6/27/2005	3.17	3.50	13.77	0.13	8.14	6.31	7.85	5.11
6/28/2005	2.97	3.61	13.65	0.02	8.08	6.51	8.04	5.09
6/29/2005	3.27	2.05	17.23	3.59	8.00	6.71	9.00	7.78
6/30/2005	4.01	2.61	19.64	6.02	7.97	10.89	10.34	11.72
7/1/2005	4.78	1.84	16.36	2.76	7.75	15.07	11.68	11.15
7/2/2005	4.84	1.58	15.63	2.02	7.79	15.87	12.94	10.59
7/3/2005	4.38	1.25	14.97	1.36	8.17	16.68	13.94	10.08
7/4/2005	4.01	1.57	13.67	0.05	8.75	15.72	14.77	8.02
7/5/2005	4.44	1.81	15.42	1.80	9.31	14.76	15.68	8.40
7/6/2005	4.79	3.50	18.71	5.10	9.76	14.12	16.47	10.28
7/7/2005	4.76	3.29	18.93	5.32	10.11	13.48	17.12	9.76
7/8/2005	4.69	3.02	18.22	4.60	10.37	12.94	17.90	8.53
7/9/2005	4.63	3.99	21.27	7.64	10.45	12.40	18.55	10.42
7/10/2005	4.48	3.54	21.74	8.10	10.61	11.92	19.21	10.24
7/11/2005	4.63	4.11	22.18	8.53	10.69	11.44	19.68	10.13
7/12/2005	4.47	3.30	22.00	8.35	10.69	10.78	19.88	9.53
7/13/2005	4.81	3.34	19.97	6.31	10.66	10.12	19.91	7.51
7/14/2005	5.88	3.56	20.73	7.08	10.60	11.12	20.24	8.62
7/15/2005	6.63	3.97	23.33	9.68	10.50	12.13	20.58	11.21
7/16/2005	7.07	5.95	21.31	7.68	10.56	13.91	20.75	10.56
7/17/2005	7.62	2.01	17.24	3.61	10.54	15.68	20.69	8.35
7/18/2005	7.82	2.31	16.95	3.32	10.49	14.93	20.36	7.80
7/19/2005	7.82	2.20	17.06	3.43	10.37	14.18	20.03	7.60
7/20/2005	7.45	2.07	17.19	3.56	10.19	13.33	19.59	7.41
7/21/2005	6.97	3.78	17.49	3.85	10.00	12.49	19.28	7.32
7/22/2005	6.31	3.52	17.76	4.12	9.73	11.74	19.01	7.27
7/23/2005	5.63	3.37	17.91	4.27	9.53	11.00	18.86	7.07
7/24/2005	4.84	3.34	17.95	4.30	9.27	10.35	18.67	6.86
7/25/2005	4.20	3.64	17.66	4.01	9.06	9.69	18.35	6.41
7/26/2005	3.70	3.03	17.28	3.62	8.86	9.11	17.88	5.98
7/27/2005	3.32	3.04	16.88	3.22	8.67	8.54	17.26	5.59
7/28/2005	2.96	2.29	16.40	2.74	8.48	8.03	16.51	5.22
7/29/2005	2.86	2.14	15.92	2.27	8.29	7.52	15.66	4.88
7/30/2005	2.75	1.09	15.35	1.70	8.11	7.63	14.95	4.78
7/31/2005	2.76	2.69	18.42	4.76	7.95	7.74	15.05	7.32
8/1/2005	3.36	3.16	18.68	5.06	7.73	13.38	15.96	10.60
8/2/2005	4.01	2.15	15.79	2.17	8.21	19.03	17.08	11.04
8/3/2005	4.30	0.01	13.68	0.02	9.05	21.80	18.14	10.32
8/4/2005	4.46	0.09	11.51	2.21	9.81	24.56	18.93	9.64
8/5/2005	4.30	1.34	12.06	1.64	10.40	23.26	19.38	9.01
8/6/2005	4.01	0.64	12.72	0.96	10.77	21.95	19.66	8.59
8/7/2005	4.02	0.54	13.78	0.12	10.89	20.64	19.96	8.56
8/8/2005	4.46	0.89	14.64	0.99	10.82	19.34	20.22	8.44
8/9/2005	4.73	1.23	15.53	1.89	10.64	18.18	20.60	8.42
8/10/2005	4.73	2.68	16.66	3.03	10.23	17.03	21.10	8.62
8/11/2005	4.58	3.26	17.47	3.84	10.76	16.02	21.54	8.38
8/12/2005	4.29	3.22	17.84	4.20	11.25	15.01	21.77	7.86
8/13/2005	4.03	3.89	18.06	4.42	11.67	14.09	21.78	7.37
8/14/2005	3.73	3.27	18.13	4.49	11.90	13.18	21.53	6.91
8/15/2005	3.60	3.33	18.08	4.43	11.93	12.38	21.14	6.52
8/16/2005	3.66	3.26	18.48	4.83	11.75	11.58	20.84	6.53
8/17/2005	3.76	3.21	18.59	4.94	11.32	10.89	20.49	6.46
8/18/2005	3.94	3.56	18.50	4.84	11.63	10.20	20.04	6.04
8/19/2005	4.22	4.11	18.30	4.65	11.89	9.59	19.47	5.64
8/20/2005	4.32	4.25	18.14	4.48	12.06	8.98	18.85	5.31
8/21/2005	4.39	4.89	17.83	4.18	12.08	8.45	18.13	4.99
8/22/2005	4.35	3.71	17.41	3.75	11.90	7.91	17.31	4.66
8/23/2005	4.73	2.24	15.93	2.28	11.54	8.74	16.45	4.36
8/24/2005	6.25	5.56	27.86	14.14	11.13	9.56	17.20	14.24
8/25/2005	7.59	5.69	33.10	19.39	10.03	19.81	18.95	24.16
8/26/2005	7.96	3.56	28.22	14.56	12.28	30.06	20.93	24.90
8/27/2005	7.63	3.45	27.07	13.41	18.14	33.01	22.69	23.33
8/28/2005	7.54	3.15	24.31	10.58	24.87	35.97	24.03	20.30
8/29/2005	8.50	3.69	26.82	13.13	31.12	33.88	24.87	18.97
8/30/2005	10.02	9.56	28.64	14.96	35.76	31.79	25.20	17.72
8/31/2005	11.25	10.11	29.45	15.78	38.33	29.90	25.06	16.55
9/1/2005	11.52	10.14	29.47	15.80	38.97	28.01	24.52	15.46
9/2/2005	10.69	9.40	28.72	15.06	38.10	26.34	23.66	14.44
9/3/2005	9.34	8.24	27.55	13.89	36.15	24.67	22.55	13.49
9/4/2005	7.94	6.30	25.99	12.34	33.56	23.21	21.28	12.60
9/5/2005	6.59	5.91	24.36	10.72	30.69	21.74	19.90	11.77
9/6/2005	5.58	4.61	22.63	9.01	27.77	20.44	18.48	10.99
9/7/2005	4.71	4.23	21.01	7.38	24.96	19.15	17.05	10.26
9/8/2005	4.10	3.77	19.46	5.85	22.41	18.01	15.67	9.59
9/9/2005	3.55	3.13	18.10	4.48	20.12	16.87	14.36	8.96
9/10/2005	3.05	2.40	16.83	3.21	18.13	15.87	13.12	8.37
9/11/2005	2.64	2.48	15.75	2.13	16.41	14.86	11.97	7.82
9/12/2005	2.38	1.50	14.73	1.11	14.91	13.98	10.89	7.30
9/13/2005	2.28	0.68	14.35	0.73	13.63	13.09	10.15	7.11
9/14/2005	4.27	3.10	18.12	4.51	12.53	18.30	10.88	13.26
9/15/2005	10.48	9.77	37.32	23.54	10.35	23.50	18.02	29.85
9/16/2005	15.16	17.00	44.71	30.85	15.91	40.49	27.66	40.71
9/17/2005	17.26	11.97	39.95	25.96	33.37	57.48	37.46	38.12
9/18/2005	18.72	18.25	46.10	32.17	50.97	58.84	46.12	35.71
9/19/2005	19.59	16.99	50.92	36.95	66.22	60.20	53.00	33.45
9/20/2005	19.63	17.00	56.79	42.89	76.79	56.62	57.89	31.33
9/21/2005	20.23	18.28	60.00	46.14	81.89	53.04	60.86	29.33
9/22/2005	20.73	19.96	58.67	44.81	82.06	49.84	62.12	25.93
9/23/2005	19.91	18.76	57.38	43.56	78.50	46.65	61.91	24.22
9/24/2005	18.75	17.98	54.50	40.74	72.50	43.88	60.50	22.62
9/25/2005	17.54	16.47	50.91	37.19	65.19	41.10	58.18	21.13
9/26/2005	16.22	14.59	46.97	33.28	57.52	38.65	55.32	19.83
9/27/2005	14.99	15.06	43.38	29.72	49.79	36.21	52.29	18.89
9/28/2005	13.89	11.35	39.65	26.00	42.49	34.05	49.10	17.91
9/29/2005	12.73	8.64	35.95	22.29	36.01	31.89	45.81	16.73
9/30/2005	11.61	9.24	32.55	18.89	30.44	29.99	42.54	15.66
10/1/2005	10.59	7.28	29.59	15.94	25.80	28.09	39.30	14.66
10/2/2005	9.87	8.46	26.85	13.19	21.98	26.42	36.13	13.69
10/3/2005	9.25	8.81	24.49	10.84	18.88	24.75	33.06	12.79
10/4/2005	8.71	7.95	22.34	8.69	16.38	23.27	30.11	11.94
10/5/2005	8.27	6.76	20.53	6.88	14.44	21.80	27.31	11.15
10/6/2005	9.53	7.89	19.40	5.75	12.71	23.99	25.38	12.68
10/7/2005	16.34	4.68	32.00	18.34	11.40	26.18	27.51	23.75
10/8/2005	31.33	26.53	64.36	49.94	9.57	44.90	41.03	56.07
10/9/2005	49.08	28.21	83.41	68.31	11.21	63.63	58.93	75.25
10/10/2005	78.44	57.92	86.69	72.30	43.00	76.73	76.89	70.50
10/11/2005	109.30	61.66	111.00	75.83	75.39	89.84	92.55	65.97
10/12/2005	123.84	75.21	133.20	89.20	103.80	85.88	104.82	61.76
10/13/2005	127.33	84.21	122.35	98.27	124.00	81.91	113.32	57.82
10/14/2005	121.95	88.87	127.28	103.07	134.30	77.04	118.18	54.12
10/15/2005	112.70	89.21	117.78	103.49	135.70	72.16	119.80	50.66
10/16/2005	102.32	85.73	114.28	100.00	130.10	67.87	118.67	47.43
10/17/2005	92.78	80.03	108.47	94.25	120.10	63.57	115.37	44.42
10/18/2005	83.82	72.55	100.82	86.69	107.50	59.79	110.41	41.60
10/19/2005	75.79	64.49	92.61	78.55	94.02	56.00	104.27	38.97
10/20/2005	68.62	56.08	84.07	70.07	80.79	52.67	97.37	36.51
10/21/2005	62.01	48.02	75.92	61.97	68.48	49.33	90.05	34.21
10/22/2005	55.50	44.59	72.40	58.50	57.51	49.07	83.41	36.79
10/23/2005	49.08	41.79	69.58	55.68	48.08	48.80	77.18	39.29
10/24/2005	45.21	33.84	61.59	47.71	39.26	52.28	71.77	39.37
10/25/2005	43.04	26.83	54.66	40.74	32.44	55.76	66.81	39.50
10/26/2005	40.49	20.87	48.70	34.78	31.01	56.29	62.10	37.02
10/27/2005	38.42	16.04	43.89	29.96	31.52	56.82	57.63	34.79
10/28/2005	36.62	14.65	42.34	28.49	32.79	53.69	53.40	32.82
10/29/2005	34.07	13.30	40.87	27.08	33.97	50.57	49.34	30.87
10/30/2005	30.87	11.78	39.25	25.51	34.65	47.56	45.42	28.96
10/31/2005	27.99	10.15	37.55	23.84	34.52	44.55	41.64	27.17
11/1/2005	25.37	18.15	35.51	21.83	33.62	41.90	38.01	25.49
11/2/2005	22.96	16.20	33.53	19.86	32.19	39.24	34.58	23.94
11/3/2005	21.15	14.07	31.39	17.73	30.42	36.91	31.35	22.48
11/4/2005	19.43	12.11	29.40	15.75	28.49	34.57	28.33	21.12
11/5/2005	17.92	10.11	27.40	13.75	26.53	32.51	25.53	19.84
11/6/2005	16.38	11.67	25.60	11.96	24.62	30.46	22.94	18.65
11/7/2005	15.04	9.40	23.88	10.24	22.82	28.64	20.57	17.54
11/8/2005	13.79	6.90	22.37	8.73	21.15	26.83	18.41	16.50
11/9/2005	12.61	6.33	20.93	7.30	19.62	25.23	16.46	15.53
11/10/2005	11.53	7.58	19.68	6.04	18.17	23.64	14.71	14.62
11/11/2005	10.64	8.77	18.48	4.85	16.83	22.23	13.14	13.77
11/12/2005	9.83	9.75	17.50	3.87	15.67	20.82	11.74	12.98
11/13/2005	9.15	2.66	16.59	2.96	14.67	19.58	10.50	12.24
11/14/2005	8.56	1.40	15.84	2.21	13.80	18.34	9.40	11.55
11/15/2005	8.09	1.09	15.16	1.53	13.04	17.25	8.46	10.91
11/16/2005	7.61	1.49	14.75	1.12	12.37	16.16	7.74	10.39
11/17/2005	7.12	1.79	14.44	0.82	11.79	15.12	7.17	9.91
11/18/2005	6.66	1.09	14.14	0.52	11.28	14.07	6.70	9.37
11/19/2005	6.18	0.44	13.79	0.17	10.83	13.23	6.30	8.87
11/20/2005	5.78	0.07	13.58	0.04	10.44	12.39	5.99	8.43
11/21/2005	7.07	0.02	15.02	1.41	10.10	14.39	6.31	10.75
11/22/2005	10.85	7.60	25.74	12.07	9.78	16.38	8.05	19.99
11/23/2005	13.59	12.75	30.20	16.47	8.85	21.29	10.31	25.91
11/24/2005	15.46	10.24	27.58	13.90	14.21	26.20	12.57	24.33
11/25/2005	16.43	11.87	29.16	15.51	20.26	25.69	14.52	22.85
11/26/2005	16.74	13.40	30.69	17.04	26.30	25.19	16.02	21.47
11/27/2005	16.63	15.21	32.51	18.86	31.13	23.75	17.11	20.27
11/28/2005	18.53	18.00	35.33	21.66	34.14	22.32	18.09	20.46
11/29/2005	20.39	19.12	36.47	22.79	35.09	21.88	18.82	20.58
11/30/2005	20.27	20.06	38.96	25.26	35.84	21.44	19.65	21.81
12/1/2005	21.46	18.87	39.24	25.55	35.56	23.29	20.31	22.98
12/2/2005	21.42	19.16	36.47	22.81	36.04	25.15	20.69	21.59
12/3/2005	21.96	17.98	35.28	21.63	36.35	24.75	20.75	20.29
12/4/2005	21.97	16.74	34.04	20.39	36.50	24.36	20.52	19.10
12/5/2005	21.85	16.14	33.44	19.78	36.15	22.93	20.07	18.04
12/6/2005	21.38	16.80	34.10	20.45	35.13	21.49	19.69	18.17
12/7/2005	20.85	17.00	34.30	20.65	33.54	20.31	19.25	18.27
12/8/2005	20.88	15.71	33.00	19.35	31.98	19.13	18.69	17.20
12/9/2005	20.62	14.98	32.27	18.62	30.45	17.93	18.14	16.56
12/10/2005	20.52	14.35	31.64	17.99	29.00	16.73	17.56	15.99
12/11/2005	20.44	13.36	30.65	17.00	28.13	15.73	16.91	15.09
12/12/2005	19.95	12.39	29.69	16.04	27.36	14.74	16.17	14.22
12/13/2005	18.93	11.37	28.67	15.02	26.52	13.86	15.37	13.41
12/14/2005	18.04	10.35	27.65	14.00	25.54	12.98	14.52	12.66
12/15/2005	17.89	10.58	26.71	13.07	24.37	12.72	13.77	12.36
12/16/2005	18.36	13.19	30.56	16.87	23.07	12.46	13.52	15.74
12/17/2005	18.41	13.00	30.30	16.65	21.31	16.61	13.47	18.52
12/18/2005	19.02	13.59	41.19	27.38	21.81	20.77	15.43	28.76
12/19/2005	21.26	21.06	49.52	35.56	22.40	27.93	18.15	38.41
12/20/2005	24.60	16.53	44.10	30.32	27.01	35.09	20.89	36.05
12/21/2005	26.67	16.44	43.91	30.17	32.49	35.60	23.22	33.80
12/22/2005	28.17	16.40	43.83	30.11	38.37	36.12	24.94	31.71
12/23/2005	30.11	17.81	45.24	31.52	43.30	33.97	26.01	29.75
12/24/2005	31.71	18.47	45.91	32.19	46.51	31.82	26.46	27.92
12/25/2005	33.98	19.43	46.90	33.16	47.87	29.93	26.50	27.18
12/26/2005	37.10	19.70	47.19	33.44	47.45	28.03	26.19	26.53
12/27/2005	41.91	18.51	45.99	32.24	47.03	26.37	25.53	24.95
12/28/2005	45.31	17.07	44.54	30.80	46.01	24.70	24.59	23.44
12/29/2005	48.14	21.67	49.26	35.46	44.50	26.10	23.95	28.67
12/30/2005	49.55	25.58	53.34	39.46	42.21	27.50	23.36	33.58
12/31/2005	49.08	22.54	50.18	36.36	41.57	27.50	22.70	31.50
